4.858218126085771249e-02
3.343280971528114071e-02
2.116408807132482903e-02
3.517543523208864487e-02
3.148466033568277089e-02
3.354309980418154757e-02
8.034503452195865258e-02
3.096794248925393428e-02
3.850900074957103181e-02
3.132663488736341789e-02
4.017772466296477135e-02
2.835238268689933144e-02
2.475322498253106074e-01
3.719003307830326399e-02
3.168585594250666188e-02
2.055228228678682156e-02
3.313784208227234240e-02
7.333921243803397105e-02
3.199811300854286250e-02
2.951738132214236365e-02
2.108271154934976410e-02
3.515709214642731562e-02
7.177629837699577298e-01
1.956114597467287566e-02
2.743529137204976653e-02
1.656394823655538417e-01
4.457969054872575054e-02
7.271760388708159439e-02
3.420393796048268320e-02
2.473021548789135216e-02
5.820598664980942277e-02
2.638685964635968662e-02
3.248305835535679476e-02
7.441009054902213149e-02
2.180174588953247977e-02
3.236575442674495540e-02
5.825781372497666061e-02
2.514914249134769797e-02
3.935078900725542256e-02
5.850488410110762927e-02
3.573330264363344666e-02
2.389185764019653019e-02
2.391600816849415168e-02
3.441600778725120019e-02
3.832876871881816389e-02
3.179484998682382407e-02
4.116278551633770905e-02
2.947543131761938204e-02
7.374579757880313224e-02
5.939345351417212038e-02
2.759063161505725947e-02
3.590111506882356918e-02
3.474533827328177976e-02
6.068908995532812378e-02
3.020919853567757135e-02
2.946157692238874151e-02
3.357481407118714789e-02
3.459257954765256049e-02
5.024436228312899322e-02
1.039231670520533307e-01
8.486325990413536025e-02
5.134869382096506063e-02
3.976973698440283006e-02
6.206623927731835799e-02
2.665920621061676835e-02
3.452256804520615480e-02
4.783431647942507775e-02
4.421727736271242881e-02
4.850559171922483315e-02
2.448765042311423085e-02
3.003664127101440817e-02
2.616099333122100246e-02
3.620426757047908589e-02
2.989829907162202052e-02
3.238941672456785437e-02
2.653547969944958229e-02
5.305230249192614822e-02
1.175805780901634456e+00
3.375788196133890084e-02
7.126204827991941548e-02
2.438908030902846302e-02
3.486291505316585493e-02
4.424116089878839947e-02
2.660695115183845522e-02
2.919260861504759802e-02
2.349211928504909772e-02
4.579588079273336915e-02
1.086375541960034052e+00
4.056300061815298202e-02
3.393704023035382794e-02
4.357362043537189866e-02
3.405350605374847517e-02
5.081171067640696815e-02
3.736234528048035242e-02
4.395288099995638825e-02
2.226739516071872885e-02
2.429539469167358440e-02
2.929075748391501283e-02
3.685398135115571655e-02
4.205921370805365544e-02
2.956495674238737714e-02
3.283402571902997724e-02
2.145910712546141019e-02
4.429745289209040260e-02
5.600747096209532372e-02
3.266016107321667583e-02
4.054122038158648744e-02
1.192842280322927717e+00
3.570105979819249153e-02
2.690478385270063388e-02
4.377403049255759737e-02
3.386759727340207804e-02
2.246496285354039266e-02
3.937984419272339692e-02
2.550405278776084195e-02
2.246810633912237065e-02
2.981413409707904874e-02
4.062233210098696590e-02
3.885696260398378843e-02
4.222362601571304219e-02
3.826563032901776629e-02
3.050406240181335188e-02
3.479810398359677731e-02
3.998632852941517990e-02
2.376680309076603312e-02
2.900842696608486870e-02
4.133420381357034296e-02
5.503942282479125370e-02
4.051435308910453226e-02
3.916165322407459681e-02
4.351592391326931930e-02
3.745108847120360435e-02
3.683190425904793452e-02
6.977533223979849597e-02
2.791614345449479687e-02
3.038396515116627977e-02
5.500924610073763821e-02
2.280231516246811196e-02
5.694848488657924812e-02
2.254461984919347434e-02
1.294052421552645549e-01
4.510256612453209663e-02
4.017939813663913562e-02
3.288130756521403381e-02
3.564683826007136735e-02
2.859379049204356302e-02
2.660715718098136118e-02
3.509965195824771289e-02
2.361644050381745547e-02
3.297563003359404998e-02
3.337464690635433273e-02
2.565574985149653500e-02
3.499466513765338294e-02
2.177168044082200549e-02
3.004157319148750838e-02
2.324948277687532289e-02
4.242494460258021405e-02
3.410855867042785622e-02
8.977547416040503325e-01
4.219073838841697066e-02
3.695698268188817026e-02
2.515419861540842475e-02
3.544370350786930218e-02
4.528747463388148320e-02
3.949019568946153524e-02
1.835984305389576701e-02
2.597976342975998054e-02
5.964347083276374306e+00
3.104722312500612230e-02
3.543946078439880187e-02
3.170309237934443303e-02
2.696529877916771512e-02
4.220983268784077314e-02
3.005841112970449730e-02
2.892930518844704854e-02
6.037697044006891389e-02
8.594519659661358224e-01
5.182240179856219958e-02
2.337959969384039577e-02
2.033142275907779198e-02
3.214506060973378043e-02
2.434791445801752149e-02
2.414125986967885149e-02
3.698506009248081483e-02
5.082538692774902361e-02
4.190411946667653431e-02
3.721995724339859091e-02
3.876234429852537522e-02
3.076103561236441519e-02
2.983176478279431915e-02
8.074019543753350181e-01
3.125634479406805277e-02
3.160764669441904623e-02
2.832073008503948122e-02
4.364028004046761888e-02
2.370185241474030008e-02
7.842676758977464024e-02
2.098004174549931822e+00
3.404530214214076395e-02
2.844972164197316633e-02
2.763148154483726499e-02
2.503607562124612884e-02
7.658089101210932004e-01
4.098920941606215562e-02
4.265582718134748597e-02
3.908956058697422853e-02
5.024832739985292562e+00
3.472914492505777689e-02
8.120609210090243280e-02
3.734215778222060855e-02
4.568836235593730366e-02
4.334374140607620551e-02
5.200222088883373756e-02
1.016108228928811474e+00
9.295291171269892683e-02
5.652278498648242999e-02
3.465384308378292866e-02
3.444428932452372333e-02
4.306720015170278915e-02
3.029241122529477415e-02
5.238137719687275401e-02
3.214423877154383435e-02
3.020297796643996169e-02
3.086081657187234734e-02
3.431602986255376936e-02
4.280189573229358641e-02
2.428044739721278364e-02
3.070575537208830932e-02
2.507819263918388206e-02
1.201975667475867926e+00
5.420044185827427308e-02
6.701206665754991243e-02
2.287072428949445124e-02
3.196311902093432189e-02
3.177052284022001405e-02
2.735854719610108371e-02
3.909481535437100974e-02
2.610307874762861358e-02
1.642907510338660892e-01
2.832773430585884891e-02
1.888816808605039976e-02
2.960907584186708505e-02
2.764385068777442875e-02
3.001007994439552559e-02
5.189151951973768745e-02
4.266811785531134799e-02
4.047801881190710160e-02
1.617174512921801949e-02
3.407986297304876205e-02
2.898591064504128789e-02
3.215170240038184302e-02
6.111910450517629712e-02
3.043282357131531918e-02
2.469679769320869828e-02
4.150388598313642374e-02
4.800668341848594867e-02
2.306777122622102882e-02
3.268697819831534179e-02
7.012504315272102828e-02
3.289167483848574186e-02
6.290869472832222309e-02
3.551910086415671630e-02
3.767626385218258989e-02
3.028720011592579697e-02
9.016608059594279079e-02
8.809790906490939932e-02
3.137871320193907909e-01
1.984142765950291931e-02
1.211226567777156760e+00
4.965439142823165064e-02
2.577807469032809828e-02
2.603650920995287735e-02
2.588038230406296270e-02
3.451514072842840064e-02
3.830907079628595446e-02
2.639626612951474424e-02
4.175343857556879090e-02
2.872222462390944600e-02
4.826060963456110797e-02
3.601691322298899989e-02
1.026546807295902752e+00
2.367226706478488263e-02
2.972514969161291556e-02
4.204552657945402616e-02
7.193550719188955833e-01
2.589144406322413730e-02
3.569181562372764072e-02
3.088445025344204592e-02
4.054704370558369353e-02
3.490021505894082277e-02
2.773864170161414663e-02
3.321555736781300894e-02
4.204155221088853867e-02
2.727765922017875294e-02
3.534678794571687044e-02
2.689069265554543467e-02
3.053621397584418279e-02
3.514419872257247557e-02
2.667309314792977448e-02
2.730153217335097582e-02
3.588945772358374808e-02
4.412156512270355713e-02
3.539277920912563269e-02
2.638305266680295372e-02
5.533107357837498130e-02
1.889679304046818220e-01
6.157806618637567952e-02
3.229342473203045821e-02
3.168209450391609727e-02
9.712366005949712999e-01
2.477487789558017323e-02
3.558323862232047607e-02
3.355413183421167289e-02
3.020082047640790246e-02
2.454799721120351844e-02
2.492653268681288212e-02
3.985509102428855255e-02
4.336035826627361589e-02
2.177138954401556734e-02
4.833656851863832316e-02
3.130911695183876547e-02
6.379050432486649269e-02
6.963254851842039239e-02
3.026208095102175810e-02
8.937129944101043222e-01
2.724320574930384070e-02
1.572153811507597476e+00
2.378264958127498940e-02
4.926513401035759881e-02
2.809719096186084550e-02
3.219813305585773888e-02
3.128394074161842259e-02
1.808216214114177420e-02
2.309841253235931924e-01
3.535100568904885054e-02
1.098553883417234811e+00
3.046551672731368302e-02
9.798044162176791638e-02
1.071572527431153166e+00
3.027939516345928839e-02
2.928887497050573774e-02
5.118222551338653947e-02
3.007687008102242349e-02
3.462137710415897490e-02
2.778662905576131936e-02
4.198717557502816555e-02
3.756964188837418062e-02
3.265753022864949229e-02
2.076087659073214825e-02
3.960253826672490568e-02
4.613566391851782467e-02
2.604994323470741224e-02
3.231185906020572762e-02
3.418650468846451407e-02
4.084039309937895212e-02
2.785766736541002431e-02
2.709914808597273239e-02
4.311359825693587833e-02
3.104995887234702004e-02
5.637745352028477458e-02
3.755346260635094441e-02
3.242586865000968155e-02
1.358805411071858371e-01
2.602704931736049207e-02
2.526191349846381232e-02
9.985975971801624995e-02
4.001406299960222346e-02
3.250983819115052520e-02
5.193981933852175048e-02
2.570434798436243076e-02
2.092020604951005253e-02
3.917049596610801265e-02
3.393289960069216515e-02
2.073819416701871976e-02
3.953952977433893706e-02
2.709424891103022828e-02
3.501165982994726422e-02
4.042552713788389457e-02
8.158952824520346869e-01
4.837939579579974420e-02
3.715383064253049983e-02
4.469142997387118288e-02
5.304583788313567416e-02
3.348099669465544326e-02
4.920176275482439354e-02
2.958199402112782206e-02
2.573985606043044383e-02
2.196285158358926570e-02
2.948857206438087325e-02
2.781649628427463120e-02
2.642447664906640015e-02
9.717281576289560352e-01
1.106905447630964490e-01
2.870183264192549891e-02
3.008588443987406102e-02
3.299373520952689903e-02
4.061776127691808097e-02
5.844952949772724837e-02
3.828352489070303122e+00
2.343643800086074938e-02
2.902470361177312413e-02
2.615451050218903575e-02
5.070355355700655042e-02
6.876106107337001672e-02
1.061898015013625074e-01
3.579603687894909042e-02
2.274060896254405384e-02
5.787448799950515449e-02
3.319129575440935009e-02
3.801410344610878234e-02
5.255423333360610683e-02
6.008294872196300040e-02
3.744534782726838956e-02
5.394759239258541117e-02
2.437880099811012488e-02
1.357352378901299783e+00
3.486543836178210287e-02
2.678415244043619997e-02
1.177653844512579262e+00
4.049301033857481691e-02
2.952080065658583413e-02
4.802740170241192458e-02
3.478113443284815837e-02
2.599392184241584164e-02
2.957954531033180762e-02
3.590541353886638615e-02
2.832809931166482831e-02
2.565437500093930775e-02
3.508960062142151004e-02
3.553722034205535757e-02
2.663742013467000624e-02
3.349973759809334040e-02
5.032239348668515744e-02
6.591387702518350378e-02
4.728265712138167431e-02
1.695960039019569349e-02
3.083683474451929737e-02
3.560398198982882290e-02
4.745938929326402184e-02
6.204426668436548165e-02
5.053716745478170624e-02
2.320524591758336280e-02
6.551919721252293105e-02
4.318874170435405002e-02
5.906557205799181642e-02
1.964580731629556737e-02
5.002594113401961917e-02
4.308487243429426350e-02
3.391385970038175018e-02
3.455211517870988847e-02
2.675850242850348268e-02
2.694092709499129254e-02
4.383060656864456311e-02
2.776514093932253707e-02
3.841422422401405412e-01
1.118804902404933799e+00
3.728453266364324670e-02
4.833292117289729461e-02
2.398313461007622535e-02
4.069812297522478611e-02
5.519580136350343141e-02
2.275991158404000458e-02
4.020036303858021132e-02
4.211960047251681050e-02
5.550270254315745055e-02
7.795542764621300469e-01
4.692316834956710564e-02
3.547328170414104642e-02
2.381450288906456977e-02
3.412765494923755694e-02
4.351242364923083722e-02
5.448788775061060713e-02
5.271100681116357156e-02
1.914226698569741758e-02
7.186703338005236141e-02
2.309918216965605245e-02
2.897027193722882810e-02
4.858169444025295380e-02
4.443845393870113347e-02
6.408946506302709567e-02
2.322355519731231915e-02
2.903775363445222982e-02
2.287018396568056902e-02
3.897212062780690961e-02
3.474107987094951500e-02
3.031925774741002222e-01
3.011354253257789854e-02
2.220853158516089207e-02
2.828085258512465922e-02
4.172010830123042135e-02
5.984973504341103284e-02
2.382205120635571410e-02
4.285356305164220170e-02
3.070074234299578417e-02
2.950188823354282439e-02
3.708708037786241640e-02
4.393213647354676787e-02
2.995871957423073412e-02
4.191759835483768737e-02
2.826152516869003331e-02
1.104182471305692692e+00
2.038678077666447250e-02
2.001208911462348111e-02
2.019804596914975131e-02
2.696057521953638958e-02
1.866064142923593017e-02
2.399103686613569819e-02
2.611490918214092599e-02
1.204717992616150646e+00
2.222530642582704746e-02
1.635089677391771135e-02
2.022346926269033562e-02
1.909159825913167574e-02
1.850069327927585452e-02
5.603794654564078215e-01
2.640474208548287960e-02
1.080652007826093768e-02
1.453880313372454477e-02
2.321305150401388809e-02
1.252922714946976337e-02
2.039298752026035000e-02
1.750503236270052609e-02
2.101967121869177668e-02
3.407662371475231322e-02
4.367642395282501921e-02
1.294616954834463748e-02
1.690312055512996001e-02
1.722698344260971057e-02
1.862781057507612373e-02
1.974056384213497203e-02
2.141912525056666530e-02
1.908022171840607906e-02
1.691227443124477398e-02
2.343930365586096437e-02
1.912511355559069759e-02
3.397465901167158464e-02
1.652589235602553927e-02
1.900512411209845723e-02
8.065824170784439140e-01
2.048885752669239377e-02
2.775856793527226377e-02
2.435814890264244303e-02
1.713749904884159792e-02
2.119086026026582165e-02
1.409188304044307546e-02
1.938318112916406419e-02
1.773270437394609822e-02
1.614955429130168763e-02
3.432204264676021188e-02
2.118840352523459342e-02
1.349296078677991728e-02
1.581411874064308359e-02
1.812372117082553316e-02
3.427086942327137176e-02
2.919751680297293095e-02
2.246017106854784201e-02
2.119397491650865800e-02
2.071855696444537681e-02
1.374169732144582198e-02
9.233283981277196073e-01
1.799326064348097387e-02
2.114613876008628046e-02
1.751388026605775750e+00
1.977249716538238833e-02
1.999188990575313796e-02
1.422546763061616204e-02
1.236649954257468043e+00
2.336038212847452861e-02
1.213249661972963696e-02
2.258918274561514533e-02
1.379447549185224518e-02
2.481782445881006854e-02
2.100785390008478443e-02
1.193758628043717351e-02
2.073015520621974972e-02
1.902024156696764667e-02
1.943153662157890219e-02
1.923208423408897388e-02
1.868532736097799560e-02
1.649262640837764402e-02
1.670996809092814561e-02
1.592547562044970347e-02
1.901195068784639064e-02
1.649006227905958077e-02
3.100905930394689397e-02
1.569571871101486937e-02
1.984634618599677089e-02
2.015956054180415707e-02
1.528531900668741658e-02
9.520000057505630942e-01
2.035630024318241943e-02
2.019295695660151130e-02
3.047753764361343584e-02
1.586240731996046288e-02
1.857325630093989779e-02
7.755692954459659783e-01
2.938673471740176762e-02
1.439036932211763820e-02
1.442373840983460567e-02
7.080511030869518496e-01
2.488735980175007384e-02
3.110316298729191506e-02
2.838798520305807482e-02
2.306262841310622799e-02
2.160183032695656147e-02
1.517211744375019863e-02
1.371304600588238616e-02
1.912588229508296878e-02
1.838013904985305938e-02
7.793246012052734706e-01
2.367746636630179563e-02
1.473978013118988455e-02
8.587705069111282175e-01
1.875635795265951505e-02
1.994097629701249708e-02
1.890711449371305919e-02
2.327516910251820753e-02
2.258332119627945098e-02
1.162112767542975225e-02
2.301158621933548087e-02
1.954498730451467714e-02
3.218599114833366193e-02
1.690426305502765181e-02
1.993145353966841241e-02
1.719114823767222550e-02
2.010838303194014201e-02
3.375358366752319317e-02
2.149809220192334253e-02
1.930494315135262290e-02
1.867532960074543003e-02
1.639381372550570426e-02
1.498123109978583521e-02
3.258106788016101180e-02
3.096769845929932957e-02
1.247001277452366219e+00
3.763428910394636673e-02
2.565718947860210625e-02
2.258228151994313287e-02
3.744930183522551803e-02
1.366928443736133980e+00
1.727394816040450642e-02
1.618981496962907524e-02
1.635021928106061839e-02
1.417718897353461259e-02
2.254441378308598767e-02
2.582257135074486620e-02
1.515059211527966868e-02
2.096547642267795886e-02
3.007516740403053807e-02
2.121091067358246013e-02
2.150070733775950871e-02
2.043181362525998274e-02
1.463294376796620347e-02
1.733928043965622667e-02
2.251279642880255061e-02
1.714378380857317641e-02
1.592614613577722493e-02
1.327783764875939410e-02
2.138390773249461072e-02
3.449477890341706710e-02
1.848870927566008404e-02
1.923671775351984761e-02
3.101397957726229754e-02
1.640723539461281383e-02
2.035340624148901031e-02
2.148079763097521938e-02
1.491149041817553880e-02
1.751555416558527728e-02
2.077922243544065573e-02
2.551618442684326984e-02
1.730508688719233426e-02
1.390397324671862472e-02
2.833772025456475149e-02
1.974187266464054458e-02
2.103409933434813306e-02
2.015226861900062255e-02
1.984728558000749266e-02
1.492152040111663705e-02
9.901297526038244090e-01
1.825851390837797406e-02
2.539691447728546769e-02
1.222333173391066286e+00
1.486388849569078921e-02
1.792547182895772723e-02
1.531671356619063694e-02
2.603294328879993472e-02
2.943781083412572858e-02
2.106504212358693146e-02
1.595970541764220665e-02
2.095099227449572291e-02
1.786348174599368746e-02
2.540820791015091507e-02
1.352997433936622862e+00
2.454794847409544345e-02
1.912961937139721902e-02
1.999634938151826496e-02
2.071023368871613424e-02
1.476023288902950092e-02
2.238379590776878175e-02
2.227915875533436826e-02
1.738711940013750942e-02
1.941306114326415977e-02
1.848748462543511883e-02
2.694896727888023910e-02
1.575982100473314468e-02
1.607397454198901746e-02
2.066591472489739956e-02
2.671555611631443172e-02
1.949850283281863439e-02
1.428534881475223423e-02
2.452755958691043084e-02
3.299603643156270860e-02
1.651452995471031082e-02
1.810084979583193726e-02
2.147698882397525849e-02
1.694771936661632408e-02
2.119562109071966571e-02
2.000450610426329767e-02
2.251337655155073031e-02
1.545376543021391262e-02
1.510050553036948982e-02
1.577288236954516032e-02
9.847514929379330706e-01
1.421847886815672153e-02
1.049352750948617352e+00
1.726951129708317878e-02
2.788482029867624806e-02
1.802986296088503193e-02
1.757835083142984464e-02
1.991034868959171839e-02
2.782685202768068675e-02
2.290841950247406167e-02
1.054095571090065547e-02
2.332147616493247810e-02
1.872806156083687418e-02
1.895229307114579959e-02
2.111271282620699047e-02
1.480865924217763044e-02
1.586100239917060187e-02
1.035860016757595536e+00
2.349917098406544003e-02
1.750655041638441226e-02
1.429381291855531984e-02
1.570986946339773468e-02
1.869134941928562652e-02
1.892755544894312442e-02
1.955826277810571168e-02
2.422603849056983311e-02
1.390290467948127918e-02
1.655665843434893023e-02
1.351900840158594408e-02
2.996687852149129347e-02
1.762762426281552081e-02
2.061761259173074123e-02
3.624079852528584722e-02
2.301224091238562516e-02
1.956501005846382132e-02
2.037845997472126705e-02
2.422762652130518168e-02
2.423938071824751489e-02
1.910020991456294615e-02
1.662920808569797251e-02
1.583139863978660911e-02
5.076326990485586776e+00
1.308324194235094967e-02
2.078269454354414111e-02
1.551148425281362667e-02
1.338806702294928312e-02
1.665490972253155441e-02
2.245373177551471949e-02
1.522537529876730883e-02
2.057945404907293371e-02
3.403391970089712781e-02
2.167154017160051460e-02
2.171502710071733511e-02
1.082812365822050441e-02
2.024234718595234461e-02
1.820165419214874250e-02
2.759052013233444234e-02
1.447459874844624766e-02
1.082629455497444049e+00
1.936837904127691745e-02
2.291519592634501390e-02
2.287181603460929080e-02
2.865329280572561504e-02
2.877207874339783589e-02
2.474380042814375985e-02
1.654250434645377493e-02
2.872382861353330041e-02
1.959518375625374231e-02
1.690250889942617948e-02
1.277884026520458363e-02
1.692480423039774418e-02
2.067406546229752853e-02
1.346991299318751022e-02
1.865880836261827547e+00
2.926661807707288399e-02
1.629158627064394849e-02
2.241926746686843247e-02
2.203594667429817355e-02
2.186429457231287357e-02
1.008091417217452448e-02
9.305610323556502417e-01
1.393557530927093391e-02
9.758463674900610396e-01
1.741031470169847328e-02
2.643518412830377085e-02
1.270279339463147895e-02
2.798386186543695697e-02
1.795307398400682389e-02
7.714520614040711877e-01
2.371930573710884921e-02
1.603410278587331234e-02
1.616218541225504512e-02
1.472718285151353688e-02
1.763260442229632602e-02
1.813044920614240163e-02
1.339389422988959688e-02
7.083748551369168922e+00
2.429441772144257106e-02
1.833620340323225198e-02
2.918982350238730206e-02
1.956071994050556651e-02
1.807447611233364490e-02
3.722472932642336557e-02
1.118134351607326903e-02
2.265363583407824233e-02
2.041359486504780787e-02
2.121073204455858896e-02
3.104578246844219569e-02
2.559751343470993354e-02
1.751926910194746834e-02
1.886301026171985015e-02
1.670623299190235000e+00
1.857504463207743442e-02
2.815260377896029384e-02
1.509507720820737336e-02
1.713272807044743593e-02
2.183634532492728306e-02
1.702677135396199470e-02
2.289013496446210688e-02
2.367544703707630954e-02
1.717924049621347496e-02
2.720642472480607615e-02
2.545126198770597536e-02
2.094247498664118107e-02
1.749334272455457112e-02
1.999088051030121702e-02
1.960502789569331522e-02
1.835742783355791274e-02
1.376560893990342108e-02
2.319843259867121477e-02
2.770392652256192106e-02
1.874285387988925550e-02
2.554691129672529218e-02
1.678293685852980804e-02
1.866076098779505948e-02
2.610017883337548833e-02
1.915892334693445123e-02
1.522709592909910967e-02
1.319428389068019042e-02
1.688286546017952680e-02
1.989826294291641845e-02
1.997749381707824082e-02
1.316930051598151977e-02
2.712560115379991643e-02
3.231297195246583126e-02
1.684579870899323775e-02
1.246233327278218304e-02
2.292133736044739412e-02
2.812267441548895602e-02
1.883135646364319377e-02
1.635207432638094080e-02
2.163623088609305245e-02
1.603790153011604158e-02
2.291537659617418413e-02
1.813792071774637110e-02
1.580893280071868010e-02
1.493356718747254966e-02
2.348211320335929359e-02
2.029214771234639017e-02
1.808476399993106179e-02
2.502378257445435350e-02
1.166071235183945287e+00
2.414236514681119064e-02
2.279372808364095448e-02
2.014808706231407606e-02
1.889536876986705471e-02
1.555554980030601775e-02
1.583307299891771949e-02
1.423161357214439496e-02
1.479613308550304859e-02
1.299701464134871143e-02
3.173529920168829260e-02
2.135202538731489907e-02
1.979451669437543027e-02
2.504827999323972626e-02
5.976936211693713474e+00
2.549221801998528131e-02
1.801128098051774096e-02
2.405943427275902130e-02
1.099549105917394659e-02
1.922951216500010108e-02
1.542525920003148289e-02
1.824782327534790402e-02
1.792572570353371045e-02
2.050916971122830612e-02
1.434016262481254203e-02
9.558791343027394083e-01
1.788529304291424857e-02
2.812682436774102332e-02
3.121942607444455273e-02
3.756284545262442154e-02
2.321127314814300929e-02
1.924555286719412117e-02
2.966310837707769599e-02
1.701006587848300639e-02
2.292655792034800286e-02
1.116280887800871410e-02
1.280480954567561613e-02
2.631281154567687020e-02
1.804642736746850384e-02
1.611811401101313421e-02
7.259948288237281222e-01
1.725526898254911567e-02
2.332956755513811847e-02
1.439714295440053596e-02
1.348670560456274349e-02
2.234954614953025762e-02
1.862229119848532108e-02
1.923027535883576819e-02
2.007793752262598472e-02
1.808724177024075702e-02
1.672978899646030554e-02
2.034180757073826562e-02
2.433974551264545330e-02
1.341521374384930208e-02
1.667148180862054740e-02
3.039453043745818372e-02
2.955119824646523091e-02
7.228190955567272979e-01
1.416281335918750592e-02
2.515139724386651621e-02
8.725014872875008071e-03
1.779088711794494376e-02
1.738333147111662758e+00
2.126835836526597828e-02
2.268500250739955565e-02
2.686949046063086266e-02
1.553843891151421644e-02
2.265109207286027451e-02
1.515253279310001602e-02
1.644729587453678740e-02
1.799279036959441219e-02
2.233841773841278855e-02
1.972406966252460842e-02
1.239733683011859725e-02
2.011915967284209211e-02
2.087714919568173927e-02
2.997059864473554380e-02
1.360437259440297995e-02
4.207595764054274101e-02
1.893226925653026388e-02
8.402390917736309861e-01
1.558455760756168214e-02
4.742650147432795116e+00
3.094877745037648981e-02
1.632742607082647221e-02
2.918770871540496414e-02
1.703227265194283066e-02
1.419498231869177965e-02
1.333337836054304150e-02
1.905332669950328059e-02
1.952536767423863201e-02
1.103333156047508166e-02
2.933584248542571438e-02
1.502570185427410179e-02
1.649760814124320851e-02
1.466827814590387566e-02
1.809701054432410333e-02
2.010527310003570878e-02
2.338705135337054014e-02
2.190181571055532794e-02
1.151438750977251159e-02
1.296284966355573144e-02
2.677260427321884184e-02
2.186313325219191653e-02
2.150647844933456510e-02
2.233943471443812154e-02
1.757312903304776575e-02
1.784549108933652234e-02
2.089794092592328276e-02
1.583672332020077955e-02
2.830629585921288008e-02
1.401310904048484740e-02
1.630790756383942997e-02
6.697623077325594032e-01
2.362346568100207045e-02
3.345828485637202671e-02
1.347776270619756647e-02
1.425386278436654997e-02
1.202442269963177948e-02
1.139209447208012690e-02
1.392779731920937986e-02
1.212853751682470803e-02
1.288882642386479302e-02
1.636694139988475322e-02
8.982839977289713840e-01
1.190001661769423541e-02
1.096757728380878122e-02
1.014346475792528117e-02
9.082688036693410683e-03
9.232187810048360088e-01
1.414513605440017446e-02
1.503868601871520029e-02
8.471663059026690590e-03
1.339107919301387589e-02
7.928879665159002318e-03
2.248928725044665317e-02
1.868852964041560483e-02
1.290391923267411242e-02
1.322839544236531148e-02
1.201198373038078575e-02
1.362585479717117604e-02
1.116587666387743559e-02
9.584443097113724830e-03
2.545366447985002861e-02
1.265548762117296895e-02
1.308310385807586601e-02
1.309604970351923615e-02
1.286638778283289569e-02
1.385418194755868790e-02
1.298486135932262232e-02
9.145365472473330343e-03
1.296995565389639886e-02
1.215894656262388018e+00
1.630850791551821666e-02
1.050019822697507987e-02
1.149292911110233288e-02
2.263238558121493521e-02
1.221635244523390854e-02
1.583017302188077097e-02
1.141396201557146918e-02
1.093902439875197620e-02
1.318648613280408791e-02
8.185578011056983128e-01
1.917218308234011626e-02
1.562946023974278245e-02
9.023689247219940368e-03
1.714995780522044280e-02
1.708083710198401994e-02
1.382744599417549611e-02
1.247435878733221468e-02
1.771766457405256692e-02
1.023399043097436047e-02
1.200286082186698966e+00
2.037541655149037456e-02
1.666457356180003554e-02
2.109250829218509149e-02
1.020317223787686398e-02
1.401629592629356942e-02
1.776119197298151042e-02
8.900888385811738246e-01
1.077617698207805619e-02
8.028822637176349572e-03
1.310616588630240768e-02
9.579735741545405622e-03
1.175361836129247724e-02
1.344845839972190656e-02
1.279800411749030739e-02
1.927755382207063661e-02
1.104571443423692755e-02
1.454941724111999922e-02
2.071006675319310431e-02
1.095496743055832112e-02
1.560730076803619991e-02
1.364312162978463180e-02
4.542849154753520607e-03
1.204903902753654520e-02
1.214453279205635061e-02
1.372280824714336260e-02
1.301933609678192390e-02
1.286997922848320125e-02
1.461370349865166729e-02
1.047347311935028363e-02
1.479727472334186472e-02
9.299285945322061098e-03
1.323057104537078178e-02
7.208868073949572380e-03
1.421880448971718676e-02
1.137213095561122600e+00
1.504279403031994269e-02
1.423684980446985465e-02
1.799278066708453333e-02
9.531663390771192429e-03
1.672027560846791119e-02
1.344042825456938893e-02
7.758124103605976152e-03
1.162981950487212111e-02
1.146677746225861425e-02
1.915083031757362428e-02
1.018652616372619363e-02
1.355262509877495740e-02
2.072345946825819227e-02
6.786585924242952497e-03
9.544981287314187046e-01
1.371534296069605065e-02
1.402861635197089410e-02
2.943259853339269538e-02
1.084243556858842730e-02
1.322930423745051487e-02
1.391877900858845378e-02
2.248611360636040835e-02
1.257721845033154651e+00
1.030023680641812406e-02
1.269410202053219278e-02
1.388624292408174345e-02
1.517925887452339223e-02
1.078531645524011262e-02
1.188791172782100586e-02
1.438260089536392942e-02
1.735529987032072632e-02
1.901557514011812527e-02
1.860998555412100852e-02
1.394769948570167770e-02
1.733604940898294741e-02
9.192007901578973517e-01
1.550520115771999996e-02
1.029830591588488595e-02
1.518284425984985780e-02
1.382642637124590831e-02
1.349630689173725306e-02
1.342306636080176085e-02
1.535301396759379024e-02
1.209171658247279110e-02
1.092440162809926729e-02
2.028530516138401379e-02
1.017574940169035241e-02
1.032410893150130168e-02
1.396830732854897027e-02
1.162475194595159744e-02
1.012109412895887371e-02
1.351956762849249732e-02
1.249791613292119963e-02
1.119429252644256467e-02
1.242607119243887594e-02
1.546155554070113153e-02
1.933024379745450910e-02
1.385424133726638127e-02
1.643418989428657717e-02
9.032109426441581670e-03
4.547335396584599176e-01
1.266331992315821407e-02
1.316094986455545665e-02
9.332478218287990068e-03
9.568328081729540746e-03
1.054773499498374602e-02
9.964719871325678630e-03
1.323619176362708302e-02
1.100781958010048356e-02
1.097101328182628448e-02
1.026854908561917155e-02
2.061310130767071702e-02
1.497232463401952304e-02
9.694445503165418504e-03
1.087443947909540708e-02
1.954500321844124949e-02
2.100293471462853778e-02
2.053031791293297506e-02
1.778258822367892455e-02
1.136430452861696139e-02
1.132804334734280501e-02
1.143930179805307222e-02
1.362740354257737166e-02
1.970279093728855013e-02
1.583850109627903818e-02
9.863401099188803811e-03
1.101365558448579307e+00
1.450925790790275755e-02
1.165612549429453568e-02
1.481167024445606203e-02
1.468493799380525197e-02
1.186014949654914608e+00
1.404264911434963126e-02
1.206246936950502655e-02
5.744884232735149310e-03
1.392411875633723685e-02
1.810191801542722009e-02
2.097459026987637948e-02
1.096518533738669726e-02
1.120395154416899131e-02
1.191740240513085476e-02
1.962606120697652987e-02
6.149089749443765740e-01
1.135516473023680424e-02
1.735451288456370950e-02
1.148826125217735326e-02
1.061895099649326837e-02
1.173153345289369882e-02
1.749001635646499353e-02
1.725974157567634892e-02
1.228389901662500436e-02
1.203170480448420392e-02
1.147681582900437341e-02
8.734809556710052686e-03
1.077949140548867035e+00
1.510933141935527461e-02
1.319025681889902414e-02
2.081810597230591628e-02
1.836214648800135393e-02
1.454231054429008969e-02
1.393609320812286105e-02
8.917493665780802312e-03
1.403959875321519543e-02
1.231716216165693045e-02
1.664317263255695942e-02
1.544146997358993197e-02
9.367389506906808466e-03
1.146866194969753221e-02
1.801793523284457577e-02
1.480458205283612626e-02
1.870341394898899709e-02
1.377838693211749788e-02
7.291639362364985555e-01
2.198877106589520319e-02
6.175414173364274006e+00
9.567246081469589214e-01
1.325018709543390912e-02
1.070272154514334328e+00
1.622123921664687246e-02
2.834923051308271130e-02
1.871902637968092184e-02
2.289244448109174074e-02
8.934497932308551119e-03
1.933476584658689462e-02
1.072943185806040159e-02
1.579611518824532157e-02
1.788930224883483744e-02
1.046537719821538474e-02
2.232085495182231302e-02
2.044934367430054772e-02
1.083168555523546239e-02
1.931656669987533506e-02
1.669808885514784125e-02
1.098671689071894358e-02
9.474082974482288255e-03
1.506426865489372303e-02
1.248589652751702465e-02
1.350166727709494613e-02
1.962908316630575245e-02
1.733970365761242777e-02
9.900867906278594532e-03
6.135609666366830250e-01
8.434132973028331953e-03
2.082490865065329474e-02
1.465497560087800598e-02
1.189710490490709580e-02
1.241791737270767429e-02
1.415685023369036948e-02
1.715001861406218603e-02
1.384627125649169274e-02
1.438018511138079880e+00
9.080657431373208646e-03
1.606946240721215946e-02
1.285536978822689712e-02
8.545741983798663122e-03
1.898706902171421254e-02
1.758994159132148960e-02
9.508845110043344373e-03
1.259943086907044235e-02
7.011463110315754310e-01
1.374018850752120775e-02
9.569578585435393331e-03
1.005021068497120688e-02
1.101027737582409294e-02
1.198652306817359070e-02
1.382953131391464335e-02
1.143917697931515209e-02
9.100732893760758377e-03
1.385572500325259193e-02
1.025609607358827190e-02
1.514999832453386985e-02
1.465911649152674794e-02
1.245235794287222544e-02
1.695677956456219382e-02
2.248486160962736430e-02
1.830858042684282982e-02
1.186223407240731206e-02
1.118598358161168073e-02
1.511839534595617318e-02
1.162597470004476073e-02
1.349833803721580891e-02
1.366712257046009613e-02
2.226150697179926294e-02
1.218883368064117845e-02
1.175956292181060993e-02
1.414059642652959123e-02
1.244142905475264030e-02
9.474107112297307579e-03
1.372030432497683625e-02
6.291538732554240176e-02
1.049045333804350146e-02
7.542932407674030407e-03
1.278386991266897837e-02
1.688900634703896161e-02
1.720835117209599044e-02
1.708090067204214371e-02
1.385275799712001529e-02
1.161751872230836619e-02
1.380387416991745407e-02
1.106361914269062864e-02
1.125881771764672586e-02
1.013718126735003479e-02
1.077675147017077492e-02
1.175543466884865391e-02
1.025980757424840677e-02
1.624974691683660905e-02
5.931914045846202743e-01
1.496650807324787814e-02
1.106785171850550864e-02
1.046578442759682828e-02
1.980780378450636148e-02
9.876885774119032943e-03
1.641011202841404296e-02
1.154943111684038869e-02
1.110264178658977752e+00
1.402924132462227830e-02
1.754403640571590081e-02
1.610266816604660409e-02
2.100281387276865530e+00
1.790814890384978889e-02
1.100303753117558639e-02
1.144295470840667531e-02
1.547581821144521780e-02
1.724904148930436754e-02
6.854708695092186499e-01
1.233691505901142633e-02
1.347954237798870691e-02
1.187597875515987098e-02
7.526714351414254267e-01
1.743184847979031490e-02
1.372741193925873862e-02
1.109524011847720648e-02
1.271384290638155959e-02
2.788400536866655899e-02
9.414810351825604259e-03
1.063597024853150247e-02
1.265018707572421533e-02
1.313692706673130588e-02
5.133358377069002110e+00
1.407706203859172833e-02
9.981695239589029670e-03
9.756327603326151593e-03
1.308072803808292203e-02
3.646545187687495915e+00
1.136739107606740511e-02
1.406457771953403824e-02
1.402072304227118711e-02
8.444711382446744991e-03
1.046470955839291436e-02
1.428280132781013095e-02
1.830941438821112599e-02
1.637462492415569029e-02
1.168806715756664019e-02
9.566311254501112110e-03
1.307787613680468607e-02
9.478833720258723616e-01
1.280427962933170134e-02
8.363712005787683409e-03
1.502489404623803294e-02
1.909088715143934106e-02
1.798422278327012347e-02
9.810209966133426329e-01
1.217155610672771698e-02
1.380817765067837016e-02
1.447358340562402909e-02
1.258347555471970441e-02
1.209548841515049183e-02
1.745760564948157373e-02
1.513030995535262144e-02
1.086261502190728756e-02
1.207256242873833846e-02
1.232738936182512304e-02
1.673109842637038672e-02
9.218839680132784667e-03
2.130348093978007284e-02
1.006237835667880137e-02
1.290908766392219291e-02
9.852637649187943880e-03
1.086633722037753103e+00
1.507510119973057283e-02
9.268138835854449198e-01
1.426997230107458076e-02
1.497110491385354215e-02
1.362019689059441874e-02
1.439149609044220249e-02
1.134081446202611469e-02
1.320489393186483930e-02
6.729761456226110612e-03
6.721881067897889084e-01
9.205614013460421130e-03
1.372918409797627484e-02
1.147692887263919784e-02
1.655854165561583546e-02
1.642139282014497270e-02
1.180835969540094260e-02
5.407973212342227498e+00
1.348138147323696412e-02
1.928007194023077797e-02
1.947810202469874019e-02
9.262811789201852442e-03
1.165949773960218636e-02
1.849194618066091894e-02
1.415115468587121138e-02
1.429363787130058516e-02
1.468929136059933700e-02
3.186447088650262494e+00
1.849592977955089035e-02
1.421976955086365693e-02
1.070805924841959980e-02
3.092047472649060019e-02
1.231437540012586193e-02
1.157978018344145606e-02
1.455670456181231906e-02
1.518698533268387184e-02
6.808890508104303407e+00
8.711595612224499324e-03
1.393376785147880728e-02
1.742839098281843968e-02
8.998140624615602254e-03
3.004279420843278259e-02
9.806604692723980624e-03
1.217385327646986620e-02
1.702337555362082311e-02
1.067976382009646133e-02
1.380982092283398632e+00
1.805576293652007974e-02
1.820485836059838880e-02
1.428897358943863154e-02
1.496051221428328602e-02
1.396773321213987291e-02
1.407474060266974969e-02
1.580548904495301249e-02
1.295659140951297382e-02
1.599087581999259280e-02
1.396679263818112644e-02
2.443634819135272196e-02
1.268078596673765865e-02
1.229711587348040341e-02
1.197057320823550694e-02
1.558602197426309233e-02
1.318218849933369685e-02
1.443586320901086607e-02
8.971681222356208546e-03
1.872396686211895769e-02
2.393775876167016092e-02
1.403256058886099764e-02
8.454071346160665357e-01
1.704894820181408407e-02
9.258009319624241340e-03
1.642673821251673660e-02
1.616251288643644202e-02
1.817994474434101587e-02
8.528872081314607667e-03
9.238590670666787380e-03
8.511653219877833923e-03
1.214160362354244765e-02
1.136544974683983793e-02
7.833999474971790056e-01
1.390787865054449526e-02
8.313101325281005080e-03
1.205429234382330780e-02
1.697221924701029783e-02
1.873479595670607054e-02
1.456060934751941469e-02
1.347515486757245445e-02
9.310066682395104487e-03
1.296595235100487208e-02
8.227817682116612685e-01
1.508999936482286267e-02
1.037361428126098301e-02
1.253637217470448054e-02
9.596650150265333135e-03
1.040403715670764999e-02
9.706881551742878589e-01
1.190843988744118460e-02
1.188755396554243803e-02
1.671114903617043276e-02
1.164809979624856044e-02
8.042724901722324571e-01
8.895586875292537110e-01
1.061201718457096543e+00
1.266285294655164137e-02
4.494415022516651703e+00
1.683461494345354914e-02
1.314063614752698783e-02
1.142786621975198230e-02
8.594947554866656445e-03
1.181462538256475986e-02
1.434932565557550666e-02
7.732067169611724911e-01
1.185151097495283808e-02
1.368886768485159423e-02
9.852663144532694192e-03
1.185720747911283256e-02
1.412147382688053870e-02
1.034488639075273678e-02
1.003452293281440269e-02
1.145943262477784434e-02
1.579684359752510023e-02
1.034222112478882377e-02
1.113654006481392539e-02
8.105175180643594754e-03
1.065303376907948338e-02
9.158126744381329953e-03
1.060264633705034279e-02
1.374177501454076911e-02
5.750780188552389038e-01
1.325023748915320730e-02
6.339213419492808477e-01
1.435366146564441558e-02
1.298285736497754861e-02
9.898190118635213919e-03
8.923840055249968387e-03
1.045451816179528669e-02
9.011302261000900260e-03
7.377115866396702706e-03
1.245147180431152231e-02
1.049895742372784942e-02
8.621838608497477824e-03
9.887504842229787733e-03
1.028685342499948210e-02
1.206454247244487590e-02
1.017912664499436293e+00
8.125975238534262346e-03
1.094345928894567034e-02
7.352925284080050888e-03
1.043124843588578120e-02
1.315194263398102026e-02
7.929694219148191933e-03
2.223552212130155858e+00
1.221558666525704093e-02
1.072275875347722049e-02
9.112507142874060398e-03
1.242980777973176458e-02
8.310732647847544202e-03
8.881005239045988708e-03
8.406791501200348848e-03
7.477388573896635686e-03
1.682352244274006037e-02
1.278735807542155309e-02
1.306484975679748570e-02
7.208356323478045530e-03
6.838280721406658769e-03
8.753169613670406038e-03
8.775471356641731738e-03
7.896661846592342160e-01
9.674565581851590768e-03
8.826104352103665285e-01
9.803088801553751924e-03
9.812147071150479835e-03
1.001618399771811961e-02
1.103453534582205832e-02
9.996422921877022236e-03
5.932757383204459792e-03
1.105216062155938914e-02
6.267066005465594003e+00
8.920397589153798990e-01
1.568366646424156421e-02
1.109702616088967426e-02
1.301667884392878304e-02
8.899917463725044720e-03
1.196169079200882016e-02
9.145274754954073326e-03
3.465270691818981952e+00
9.755889843479328277e-03
9.128829971178030120e-03
1.005568932934086668e-02
3.015909659958812217e+00
1.319935604624329108e-02
1.084057793919514581e-02
9.821388843505529653e-03
8.735017742346862235e-03
1.191292231676540150e-02
7.804783567665273328e-03
1.184782512018773583e-02
6.559221611422290030e-03
1.139185080932142609e-02
9.196526984895401352e-03
1.404621646893609681e-02
8.834734004278869263e-03
8.156390034699990618e-03
1.623806383249306803e-02
1.112727926457213190e-02
6.042018010884393497e-01
1.174363011330709777e-02
9.968273540718023892e-03
1.345736523302016457e-02
7.965340710737352226e-03
1.449741564976545632e-02
7.750859572406832571e-03
1.432871461370080132e-02
1.185341520325249753e+00
6.854679172086259112e-03
1.391523097688528339e-02
8.608661629975474655e-03
7.860017361325181973e-03
9.541242549379568005e-03
6.848032086442681354e-01
8.432747140826524906e-03
1.138785149096357280e-02
1.121213394275914418e-02
8.369839935634164341e-03
1.249452401147280178e-02
1.374635498270725641e-02
1.539793589341699465e-02
8.404969549917649593e-03
7.526441853069943712e-03
7.933589858947697263e-03
1.492502895390723339e+00
1.563250049895477389e-02
6.715414218455673101e-03
6.925457533773682686e-03
1.222926504168513409e-02
8.423594216611633989e-01
5.777684448667870162e-03
1.126394769921104308e-02
1.344538857351102075e-02
9.527970138102734299e-03
1.047790110508613204e-02
1.121530845061919843e-02
1.168909879418945919e-02
9.614103398876607670e-03
1.023835968238344558e-02
1.112540520720631775e-02
1.173441562777803940e-02
8.354188004187515157e-03
1.024704644899118028e-02
8.637547933853741491e-03
1.436496324853563621e-02
1.120774500402664173e-02
1.254935501700445502e-02
1.043448373045710760e-02
8.394907005229809704e-03
1.291147204513832213e-02
2.352040869613154950e+00
9.149847489011963750e-03
9.325144393054353442e-03
1.413502165139887690e-02
1.320067341157865788e-02
7.079479922639003026e-03
9.755457341074347949e-03
9.959523413738163161e-03
1.064889553201953554e+00
8.387373557738100546e-03
1.100683314180237078e-02
1.384158914842695959e-02
1.150970990384016582e-02
1.365537010606059781e-02
7.114618999110575159e-03
1.729889401802815752e-02
8.597005103966080114e-03
9.587342696580323370e-03
1.435536357592158765e-02
1.127852171149183735e-02
9.171889294626589528e-03
1.020311556367725463e-02
7.388333112911194683e-03
1.142773404457911139e-02
9.171940886926683092e-03
7.426458735179993637e-03
2.151034806569581015e+00
1.079813190232836902e-02
7.127020629568037863e-03
1.074917197110647135e-02
8.541640112023474174e-01
1.053764725325667846e-02
1.136797029413761512e-02
1.007870798371477555e-02
1.291006628712848200e-02
8.178386993837686789e-03
1.709221062504275718e-02
1.449812268239848018e-02
1.236913839432343329e-02
6.279433886920135488e-03
1.146837965908256360e-02
9.106289089234075040e-03
1.308660904091269936e-02
1.099158395082898421e-02
1.176234131044317371e-02
1.223911540337331572e-02
1.139837054764486837e-02
9.913077512816732828e-03
5.028718179430325286e+00
1.006283987343066857e-02
8.942584085544793421e-03
1.717077312708784054e-02
8.225501662641047582e-03
6.762375571415151464e-03
1.049419849201354248e-02
1.001759638361965007e-02
1.181748218250063681e-02
9.222153785877191742e-03
1.039596970786597734e-02
9.200374813678679001e-03
5.658859011228738883e-03
6.502862054748620446e-03
8.820686642453813564e-03
8.434642490710526908e-03
9.513899324413497074e-03
8.835342083998068419e-03
9.617070147597351140e-03
7.836971126455420655e-03
6.000872864181758359e+00
8.830327488088892882e-03
1.772792112529273170e-02
2.234184250198388566e-02
1.484983771411261741e-02
1.156067680385055620e-02
9.103410785730429167e-01
1.196831605682072489e-02
4.894051247527649862e-01
8.971396527542941160e-03
1.197500743275801971e-02
1.108187221878450743e-02
8.679460376378936651e-03
6.712965780270183092e-03
1.226890887620383196e-02
1.077042492623843037e-02
1.025302343487167339e-02
7.430839361150954891e-01
7.167842726452288739e-03
8.812444512966166946e-03
1.133658872832280472e-02
2.253575810986162969e-02
1.378024892233719809e-02
1.043431122482179133e-02
8.907731525505738213e-03
1.020423526683572613e-02
1.058064213542575516e-02
1.457796111521055156e-02
1.686141981942222354e-02
7.202354853977985805e-01
7.938829691272950573e-01
1.610894732897899875e-02
1.215928959497244652e-02
1.038714386336620610e+00
1.101328035649141654e-02
7.361792097429790613e-03
1.220930590867426793e-02
9.037840995664181420e-01
1.128722886237929109e-02
9.317189086358078701e-03
9.344696159147869788e-03
1.007729441938706616e+00
9.152043417076921594e-01
1.324293386813806331e-02
1.537511592644031852e-02
1.046098071803059672e-02
7.756092922358196785e-03
1.020494221383718259e+00
8.597166438564628893e-03
1.247951485451480672e-02
9.663433053011604573e-03
1.401111180217553057e-02
5.881950775133033653e-03
1.084314031330470274e-02
1.022634908756085009e-02
1.156714133308107788e-02
1.196301255025810500e-02
9.178047182350369121e-03
1.238332168742320265e-02
1.139368854407516764e-02
7.601084698651787708e-01
1.409768595760358713e-02
8.293900433664760236e-03
7.453935121145394138e-03
8.972678122941089157e-03
1.145847754529946173e-02
7.084299718847748319e-03
1.216801948912266118e-02
7.680644080907167610e-03
1.088523191165718246e-02
9.188159225765456239e-03
1.072116485550837252e-02
1.039464196228792256e-02
1.152285900902507224e-02
7.795712807967291810e-03
1.579784304085924546e-02
8.914758524418390714e-03
1.391590937549882882e-02
8.525342647354786085e-03
1.207539179608659204e-02
8.881835120503146774e-03
1.396801686310896518e+00
6.893041167801639696e-03
9.153640061943617984e-03
1.738264284642104113e-02
1.094319759368531791e-02
9.228035845013493957e-03
7.738169593642030102e-03
1.093853854940099457e-02
7.792865021685535520e-01
1.107044816711605199e-02
9.273298543666038535e-03
1.395043643497427890e-02
5.471441473758199836e-03
7.458521085252066765e-03
1.051929405277242727e-02
1.458790946897032051e-02
9.550141776122209741e-03
1.396163817718375222e-02
7.311979192567708875e-03
7.866001964814985786e-03
8.094084446103783775e-03
4.388393738646021447e+00
7.703660089616961616e-03
1.064629787731261046e-02
7.801989681971960300e-03
1.289340916930236704e-02
6.711385400897012035e-03
1.347115062300147971e-02
6.846256986333509008e-03
1.057021089204982639e-02
1.874830768927269672e-02
6.387118944631939299e-03
8.380668620461292351e-01
9.522244275729046387e-03
9.239982259660073360e-01
7.926000935464493080e-03
8.162071903876685214e-03
9.226470980979777081e-03
9.901385345579610461e-03
8.027646678510341055e-03
1.078394005305452659e-02
8.157744522445569135e-01
7.948022603111136453e-03
7.620943510695716433e-03
9.683097715099260941e-03
9.149161447468750694e-03
8.207825086957298844e-01
1.006628494268812894e-02
1.195119197019263446e-02
9.362694272207924134e-03
1.329469236285249489e-02
9.839468598521540141e-03
7.279689831666770819e-03
1.114984803770945748e-02
9.973599731516930023e-03
7.846176206835652617e-03
6.464679962499463028e-03
6.552941066959468847e-03
1.140412778570599160e-02
1.438822814711546681e-02
8.307246150168571056e-03
8.303476884064022248e-03
1.112949478958951202e-02
5.758661318302004339e+00
1.247757330423410020e-02
9.812281949113290519e-03
1.028667486168870215e-02
6.834608641479267103e-03
1.289648202835462151e-02
1.619899552659125747e-02
1.629696180544740539e-02
1.462828801242426792e-02
8.440671142931824647e-03
8.797992802421083711e-03
8.588610311785741316e-03
9.514445079121355148e-03
1.706708462944934654e-02
9.360368574467307912e-03
1.114691262931268370e-02
1.905851828907084711e-02
1.098196906233860765e-02
1.458503318888296207e-02
1.339020162505446566e-02
1.273836085902606274e-02
1.034578375586455046e+00
1.156003872305948546e-02
1.006888014707254045e-02
4.755082230817338385e+00
1.120574681274163174e-02
1.043367808249892441e-02
1.066665989653201030e-02
2.064034939960361636e-02
8.474615269257376390e-03
9.781753020412125785e-03
1.018800719068741617e-02
1.275878778101027962e-02
1.018807230494142568e-02
7.257322473392809406e-03
6.833088331854838063e-03
1.081829161578376844e-02
1.011483852329223346e-02
1.010123368173008150e-02
9.314760807308326146e-03
5.802582565323493036e-01
7.562893361908388026e-03
1.023596482726315746e-02
9.428024427816952130e-03
1.244698941256494953e-02
1.353744855551410053e-02
1.135201084076225241e-02
1.173518846121010019e-02
9.537167139735243382e-03
1.023000014460716603e-02
1.166714004278704767e-02
6.967419333367350642e-01
7.662863038740594726e-03
1.531006357177682187e+00
6.404538566490249225e-03
1.540016875110710240e-02
8.544961753138414703e-03
9.744452985839406889e-01
1.173765336057044917e-02
9.777809752403615259e-03
1.259750163481653841e-02
1.391626077633042677e-02
8.923514985483518153e-03
1.470821682470558472e-02
7.757524977596457795e-03
9.462275192552133118e-03
7.300641578047274184e-03
7.770324787803990774e-03
9.279958346468942798e-01
9.726004678403444431e-03
1.017723606566391104e-02
1.052912714766840278e-02
7.785683623535851264e-03
1.349599011232588755e-02
5.250193767392704602e-01
1.136907868626436252e-02
8.965452564826247028e-03
6.359481845217732771e-03
1.046830372551706745e+00
1.056173873497869703e-02
1.480229003999805962e-02
1.295249130021567698e-02
1.207295979343315714e-02
9.475102142522139059e-03
1.114571821797884568e-02
8.697698064550389851e-01
1.134925664087441458e-02
8.926659151387836277e-03
1.154596718765582911e-02
8.710900450901024605e-01
1.294802827756179331e-02
8.480495683359833350e-03
8.575395598310612405e-03
1.060357558635820381e-02
1.315111938268968654e-02
6.742015397545283659e-03
6.912769355803871640e-03
9.366740204481799684e-03
1.061648672117824176e-02
1.009474322692800047e-02
1.135227389028136552e-02
8.802136951619785044e-03
9.546975748999831854e-03
8.557975509624041535e-03
3.613779662032851725e+00
9.325568511134210703e-03
9.811559221962227323e-03
6.482006751961803814e-03
1.242843029207713057e-02
1.233517954910811829e-02
9.197063698918751112e-03
9.967615020990168162e-01
1.008206114538037594e-02
6.141448957894573013e+00
1.197419990017469654e-02
7.475466401098489547e-03
1.223110574443361451e-02
9.835470203588702123e-03
1.196167089528115193e-02
8.716379260983560945e-03
5.052576873091961573e+00
1.032474115764508288e-02
1.398140512517528911e-02
1.255361228818454959e-02
1.258298286172030919e-02
1.328311962693816753e-02
7.444540573416131776e-03
8.335094728577423576e-03
4.964455988880946309e-03
6.521807111897716044e-03
5.572345481039029172e-03
1.009011473934214032e-02
9.268234597511231243e-01
1.201403567154206604e-02
1.175405368903320244e-02
1.089586416836567373e-02
1.017559509286962080e-02
1.520095146376006928e-02
8.620444609295816601e-03
1.258050122301261967e-02
1.187206163468802235e-02
1.209807293668981910e-02
1.385870952815339112e-02
9.240311473903585829e-03
1.007310477287147107e-02
8.864679302350072371e-03
1.057009175474640100e-02
5.987778875341876264e-03
1.034255885526783741e-02
6.948094129447853623e-03
8.500147419735697429e-01
9.417578831994705135e-03
5.507074682575231403e-03
8.403489867138499991e-03
6.955669857842770171e-03
8.813883134638256928e-03
1.101001604557767105e-02
9.302257617057890435e-03
1.360831009595711918e-02
4.256618280128587201e-03
1.046742544188023968e-02
8.531193814085095625e-03
1.176136232221773603e-02
7.992804721725760286e-01
8.652542743544978238e-03
9.883897745502460974e-03
1.119956719717894386e-02
7.610929360877340955e-01
6.724040916978904839e-03
7.361711523051210904e-01
1.054482016390995147e-02
8.674500504300707016e-03
9.413980480048140739e-03
1.411391565664574244e-02
7.575367377646918463e-03
9.749158914763272898e-03
7.803343504622786177e-03
1.085232834733017571e+00
6.783939926366581649e-03
9.360749727367434492e-01
1.002949037709971979e-02
7.078578195200765574e-03
8.318863642211956483e-03
8.346073131780502169e-03
6.512685943209558029e-03
9.694612141310732234e-03
7.002648908938808106e-03
7.794120440672511370e-03
9.244238869285397245e-03
9.789552360012665488e-03
6.968880640097980042e-03
1.065713155319026814e-02
6.681953420477251132e-03
7.155043125140045715e-03
1.172808069132580053e-02
6.861101588170364501e-03
7.802480278701938790e-03
7.585856024499080252e-01
7.109755279716305498e-01
5.254527319258558982e-03
8.151235224816759661e-01
9.614906970393868879e-03
7.513842666481050647e-03
8.136346735577093189e-03
1.061978526865305084e-02
6.071706529627254323e-01
9.235244421470827081e-03
1.026718581953485997e-02
7.186885133364292327e-03
7.932978777917515378e-03
7.060208351798772514e-03
7.992346251762646320e-03
1.169935726667583817e-02
1.212205642084965979e-02
8.423801049718125308e-03
7.272752085278575383e-03
5.624435514488471469e-03
1.462827958770630987e+00
5.366404470892415304e-03
9.197051960679082649e-03
1.764608062263361976e-02
1.088274875129642723e-02
4.987886971376899459e-03
1.139715529750830528e-02
8.278016347187153179e-03
6.613239720767171564e-03
5.616816882390651168e-03
1.140039810793302619e-02
8.881054203829879395e-03
4.949996003777488648e-03
1.139233748055936551e-02
7.177976098078817611e-03
9.511123281537060825e-03
8.198069226909176013e-03
7.955822941381059457e-03
6.787780379413359440e-03
7.531989827634779505e-03
6.258849495797228282e-03
9.240800270469372996e-03
7.217414498341670134e-03
8.713562345975270351e-03
6.248566495493297970e-03
9.761949373500458660e-03
1.227499116737845952e+00
8.034957656298469253e-03
9.895077245607279692e-03
7.656595447734547769e-03
8.071313228737906353e-01
8.479050175791053717e-03
8.645014794432703126e-03
9.667969007981204177e-01
7.343236846349266225e-03
9.339410910738830951e-03
9.249900316853972015e-03
9.261553387363733597e-03
7.137510308656499353e-03
9.178062390306697405e-03
6.081180861168886467e-03
7.075177063952536871e-01
8.866704841829938649e-03
5.867713050655467555e-01
6.504333694631629290e-03
8.212367525912372609e-03
8.941978524399644968e-03
1.036601556317757154e-02
8.359354858567711113e-03
7.484845260098440568e-03
9.633470389694845717e-03
7.949568114191229995e-03
8.504416940078399559e-03
8.023947488029972361e-03
1.017894989261265870e+00
7.082638457034472375e-03
9.625823881325802633e-03
1.118798076578702422e-02
1.014521580369411036e-02
9.258016002030753158e-03
1.269122527980899584e-02
6.360560042367650532e-03
9.731245261312873596e-03
8.122714242325131812e-03
4.722676616177323011e-03
5.768603976034862059e-03
7.744409123258100616e-03
6.468554090175137050e-01
8.901446520115208205e-03
1.104717886260348468e-02
7.845110758319060948e-03
6.816611416031331978e-03
7.014572054126708700e-01
9.668011525972932535e-03
8.984011739370726182e-03
1.069976676475293230e-02
6.868581094562157055e-03
8.164730339393338338e-03
1.039624035475669901e-02
8.277973116408536558e-03
1.109930494927781286e+00
6.612732283180851045e-01
1.098000873625016444e-02
1.202883911583050788e-02
8.591913617567331976e-03
5.729237026095405222e-03
8.535181771715624754e-03
7.675155744710737866e-03
9.010611357760434093e-03
1.044417092827884357e-02
8.736797463019032109e-03
7.236686631001654560e-03
4.907641701713741714e-03
1.686698298724782719e+00
7.062281837086899910e-03
6.353729247837237512e-03
8.162824064824381054e-03
7.202723165224515778e-03
7.945881073718859267e-03
6.863077037754222037e-03
6.875606394596665491e-03
8.917805117139407933e-01
7.902438747582764267e-03
9.750614933135226536e-03
9.370853459930234691e-03
8.629831440752159730e-03
1.222206163982185456e-02
8.667111484894362422e-03
6.987874675013796416e-03
7.432402942461327142e-03
5.566648338489189364e-03
1.161244992947857262e-02
7.594306667523250537e-03
8.302819649222498155e-03
7.485238979514714092e-03
7.148356868949257842e-03
1.051064836877905334e-02
7.348513409230498540e-03
6.652993751553668567e-01
1.022830625813820477e-02
7.862453263462318084e-03
9.880028584576636685e-01
8.765341082972933490e-03
8.672190189572000218e-03
1.092678615414849341e-02
7.358027408766270455e-03
8.270527265085139343e-03
8.971066064168675344e-03
8.617671956266703334e-03
8.545414494218508406e-01
9.016379762634856021e-03
1.005057369004632405e-02
8.733752643961274070e-03
9.174473879673201299e-03
6.903970837631268759e-03
6.362943615466712562e-03
6.249922843011386162e-03
7.240049459237710497e-03
7.909969359013479737e-03
6.334819983248817649e-03
5.265601224480969123e+00
9.860490982780837146e-03
7.772604548670952219e-03
6.658693946096853888e-03
1.072902308947888857e-02
8.477977685565902047e-03
1.282526534700042554e-02
8.322339763352752939e-01
9.335681498656052402e-03
1.241806939205857170e-02
4.875264027236021411e-03
5.635266858651033842e-03
6.899076714355115506e-03
8.198043116732719321e-03
8.289904131712662050e-01
1.024428012068264934e-02
1.249153021995706020e-02
7.975321422103165414e-03
7.117076720251963931e-03
1.287935638546428008e+00
1.078625729150443392e-02
7.998135391793847332e-03
8.632913371206452080e-01
7.486074930596074706e-03
1.221537930837876193e-02
9.092763681975677553e-03
9.064655038368927414e-03
1.007675263506107102e-02
8.797291562322326341e-03
1.365533532503352548e-02
9.484320162461132298e-03
7.114287056176669607e-03
9.860181883194533980e-03
1.196349077846149862e-02
6.586773291982615797e-03
9.123121449567119304e-03
8.252210730374128639e-03
8.128420332004858417e-03
1.248312587825213711e-02
1.630212841988933764e-02
1.602115466775173858e-02
8.747315126104766581e-01
9.933427506841948501e-03
6.961943505344011379e-03
9.078536698945042366e-03
1.246720442043746865e-02
1.121381612072037091e-02
8.750371333849871203e-03
8.594861964740569196e-03
1.203325372797538206e-02
7.208587724284263448e-03
1.189743700999913029e-02
9.625537927198349331e-03
9.682459003921707608e-03
5.503803075980350304e-03
9.453504742441070155e-03
7.970091074236317075e-03
8.070808966615213714e-03
1.723001650248258063e-02
6.414671924438139147e-03
9.505849373156422671e-03
6.902519534924007188e-03
8.387451742747326078e-03
9.784195476770228203e-03
8.060310913798444249e-03
1.168033603616525085e-02
1.075542559915344976e+00
1.027203951713580830e-02
6.917419953603393470e-03
7.961583446810549872e-03
9.822234576043252161e-03
7.892650251442511963e-03
8.924159726859599504e-03
7.377396692684780669e-03
7.435007858395755072e-03
8.024176882997445179e-03
8.218403628338533107e-03
1.319962754376603764e-02
8.852673350156589627e-03
8.432321326879852613e-03
7.405553773750407978e-03
8.806724678387039401e-03
1.386601709580375340e-02
8.546312649599293113e-03
6.488391158003139689e-03
1.011652308130232304e-02
1.369006609751237738e-02
8.692170277809795065e-03
9.569739675381319297e-03
5.700976250090928829e-03
7.280972683754223518e-03
7.098554224368237506e-03
1.259930152962190214e-02
5.999760732793412571e-03
7.209607372704384537e-03
6.707405846103652314e-01
7.197000596170613149e-03
8.529884987727038778e-03
6.778118527009855537e-03
7.956712663478450465e-03
9.280736122388109563e-03
7.643634618574557740e-03
1.337882835753886890e-02
7.087711429383088992e-03
9.065353857676755958e-03
6.292142433415469013e-03
1.013661613636042749e-02
7.830068394040386182e-03
1.031056277304043950e-02
1.314465115876921678e-02
1.370747818448182942e+00
5.458884177327112848e-03
9.515962023060717603e-03
1.008748415989569117e-02
1.229686150598773953e+00
1.160459132650898395e-02
7.000243476910823076e-03
8.411026845661849841e-03
5.781274963639927711e-03
1.654354302650050235e+00
6.629645860864933141e-03
7.439451604251500969e-03
8.397288846477224400e-03
9.273270799287143540e-03
8.950927371666687893e-03
7.314921764023165317e-03
6.682777947961912948e-03
8.546341165332553835e-01
8.924314975609002470e-03
4.464629450155322213e-03
8.321483747559504929e-03
6.109902130862909439e-03
1.216327376492276797e-02
1.006383329757434830e-02
1.005267171865413360e-02
6.876420255859361751e-03
6.928196486809607563e-03
6.546478688787516279e-03
1.005694065159112513e-02
9.141059445295512259e-03
6.806356547785841205e-01
1.151765899700281370e-02
8.343086488993773850e-03
9.494394701010586135e-03
1.584538419410778942e-02
7.878509608120812940e-03
1.279346118817138375e-02
6.363800616886552408e-01
1.114099564880322024e-02
1.027385274068579393e-02
1.463744353266873029e-02
1.179722883904329132e-02
8.731421520097959119e-03
6.286671652396652946e-03
8.460522692875203227e-03
5.790924786728749232e-03
1.471626927103636059e-02
7.297746561482103787e-03
5.436048963629799835e-03
9.680306630825573702e-03
8.736338919831826769e-03
1.041451125245814249e-02
1.245261836230579164e-02
7.176430068159836417e-03
6.861607392309690412e-03
6.448847366172967277e-01
8.170482238198601213e-03
7.257794672682754689e-03
1.242452060165682645e-02
9.833982844761637171e-03
8.452044273897021953e-03
7.235596216614355314e-03
5.405153082906373821e-03
7.835014386278192980e-03
7.727612105928223230e-01
1.009395967729703747e-02
1.018620396109467217e-02
1.028011345305508174e-02
1.045201140929429527e-02
1.020330666521164671e-02
7.924622495715405446e-03
6.013381652098291966e-03
1.112394305690348091e-02
1.045631804225991869e-02
6.513692298955058371e-03
9.605963444649329858e-03
9.566865438183254355e-03
9.011524318779891296e-03
6.729102777590156848e-01
1.018149508937800721e-02
7.578836804196876012e-03
6.064246794609582693e-03
7.603230840708737753e-03
1.173943834479958086e-02
6.865741187951441837e-01
9.108872271150605937e-03
8.044576680344018432e-03
1.034109525306198610e-02
6.316468116849591197e-03
9.702451812311056051e-03
1.117927443419612643e-02
5.457146084394998327e-03
8.367563586580799295e-03
6.600047576021381146e-03
6.675791407310935344e-03
7.872367685253511826e-03
6.028466471685790806e-03
6.327892666961439927e-01
1.038003305638990868e-02
6.335221068512705278e-01
7.604760271036666540e-03
1.020734986433461527e-02
8.633927628854013575e-03
8.586460181305034106e-03
9.428130675289582777e-03
7.727946691051654562e-03
8.754451963540799131e-03
1.031337861732529657e-02
9.454120358379572431e-03
6.288151875490107998e-03
9.703388112171692365e-03
4.457004694279351545e-03
6.224371369751257634e-03
6.778923816663782673e-03
8.178690078294083635e-03
1.162617493108712187e-02
7.456515322000167867e-01
6.569583914977956615e-03
5.944106257885512640e-03
7.591702200223289856e-03
8.737130444000814483e-03
1.330510818843559824e-02
8.595147804987077755e-01
8.929964186502822171e-03
1.079436864060580259e+00
9.159970004020303105e-03
9.683686048431672244e-03
7.197948255653252581e-01
8.848244847841288396e-03
5.305129327890348995e-03
1.213766919751330456e-02
5.472269140756961733e-03
7.092458884580488121e-03
1.262093111078999540e-02
6.350539116984513122e+00
8.772353305207831325e-03
6.584235255848211454e-03
9.588350450091256624e-03
6.244576737392277394e-03
8.035766279511059873e-03
6.986752292381429551e-03
1.167539014790301699e-02
8.874480216387667028e-03
8.008248338611568401e-03
8.446937464458921241e-01
9.774012501844026729e-03
1.048865587962814760e-02
7.232402615245412530e-03
4.866010638561308471e-03
7.688230544866082698e-03
1.069712852419413496e+00
6.584991243497227698e-03
1.157495377134144104e-02
6.378826119960386010e-03
7.225519848868221066e-03
9.634987586409019672e-03
7.596709088208772852e-03
5.597944737495978013e-03
1.095159847213555276e-02
8.886363386737650139e-03
1.037928767120363527e-02
9.579883495759380571e-03
9.262856440401827721e-03
5.628456686584582154e-03
6.220119024491179704e-01
8.877972070152794631e-03
6.118373198610926184e-03
6.301040800631358893e-03
4.446171995274873723e+00
1.585498967719221941e+00
9.386367793171510737e-03
8.182194692885242510e-03
4.665195701666706093e-03
9.731468127777035543e-03
1.450447448181919202e-02
6.395634976006710215e-03
6.640580896831739174e-03
5.557523694117468341e-03
6.597930400944283097e-03
8.708969880262847421e-03
3.077996209980841336e+00
8.256328246463768075e-03
1.196815388607812801e-02
9.262576499024391050e-03
6.061353050560056369e-03
6.158180898929080556e-03
7.709023028526748034e-01
6.071286037345533307e-03
7.894709577244330215e-03
9.552123479772814396e-03
9.432725518401812240e-03
7.863091097390331047e-03
5.941956728253657873e-03
7.379745350626109798e-03
9.772749982218449649e-03
1.023462956863079899e-02
6.984594657567859757e-03
7.667369700275469824e-03
3.277689627887710438e-03
8.141954612291890658e-03
6.083208734139861421e-03
5.567749102617108696e-03
6.550096752184451053e-03
7.129259495821681503e-01
7.907756930748712637e-03
9.432494913356372773e-03
4.746922523125233877e-03
4.139649071538209837e-03
5.075389899901656260e-03
5.836654221248523990e-03
8.145848584138307841e-03
6.195764580317283249e-03
5.842669248579239645e-03
6.512775450220235386e-03
5.594993566876546934e-03
5.571897798021446802e-03
6.281556997975879658e-03
8.021089786719191872e-03
6.614030635740083749e-03
7.280034126620232859e-03
1.017375462667684596e-02
7.825712631250876516e-03
5.745733868557362581e-03
9.913516286578195891e-03
8.547636798092440175e-03
7.790213742505703448e-03
6.790845662926643482e-03
7.164481040745246040e-03
6.381561367577531785e-03
7.492438040049136452e-03
9.993117646634215936e-03
6.802049406728512965e-03
8.477693780667566736e-03
4.510996925474741737e-03
9.304786488785628945e-03
9.451392376982538368e-03
8.785809012329233170e-01
1.030455652668475428e-02
8.551738856788948517e-03
5.888738241316415767e-03
8.716042270572117029e-03
5.388275632504360181e-03
1.178755614365676468e-02
6.708216453941991987e-03
6.548001854569051282e-03
7.388338931620320321e-03
4.876319143276484913e-03
8.544107004909722372e-03
1.153897998940698125e-02
6.963479578168068063e-01
7.793186569535979699e-03
6.835865882820995991e-03
7.318038622906065938e-03
5.308655255566553828e-03
9.327412846735886470e-03
7.134870511091425879e-03
7.111802505418211157e-03
6.714060672518774170e-03
9.310236894618479503e-03
7.151749162820222362e-03
7.805087193242910004e-03
9.434503348567496381e-03
7.456578955855492144e-03
4.545000471909569142e-03
6.210451554927419633e-03
1.249009141962315272e+00
1.091103185281306655e-02
5.723579398212406133e-01
1.347957193936135875e-02
7.457630436239652723e-03
6.061785851696984730e-03
7.918010000855551372e-03
7.318392167185456404e-03
5.989035243718865420e-01
8.114899303008615838e-01
5.958068217317340487e-01
5.807320570684761096e-03
5.992005510380591857e-03
6.287156585894000324e-03
7.054372727677284474e-03
1.311066312812100842e-02
8.420809910917852886e-03
1.026658245066816057e-02
3.628508611434693165e+00
1.250765026032925678e-02
6.042768725681413843e-03
1.429019858391364362e-02
7.154616061936036955e-03
7.890644169580280851e-03
4.918982758161097833e-03
8.674417848513891333e-03
4.311107902587856672e-03
9.208926342401509146e-03
9.368090895273073482e-03
6.168042222445108656e-03
5.460540414564556133e-03
7.508373148277501866e-03
7.657686632892114070e-03
6.004238440764197993e-03
6.204436860768082485e-03
7.214120284348941176e-03
7.003761440553278594e-03
7.067535272089569415e-03
4.756452266696790075e-03
8.090091569865775004e-03
7.970919362183841866e-03
9.263718746442661800e-03
8.998816704053078652e-01
9.379460785885147811e-03
7.360085054493816295e-03
8.591319638331623709e-03
6.734352193117855781e-03
8.661491208242201589e-03
8.676932424058703130e-01
3.989810354207113177e-03
6.466240904594177177e-03
7.284030894184554891e-03
1.036958866547353697e+00
6.584157159090860481e-03
6.220977409075027255e-03
7.467446390815686216e-03
7.937595211005666479e-03
7.830582195414381719e-03
7.694081596717085650e-03
6.129036453019306996e-03
6.266008444591113918e-03
6.376087688142705913e-03
1.131617307324072480e-02
9.742206636208297632e-03
7.009644894098716709e-03
7.672225100219986355e-03
1.047346451395159486e-02
7.415672014067894308e-03
8.318805534163462023e-03
6.922363545451224939e-03
6.537795623947829926e-03
7.073743679839650245e-03
9.336517044936824133e-03
6.367699572657993176e-03
6.670832454171118919e-03
7.760660830731052479e-03
9.106673599745459050e-03
7.376364027865491002e-03
7.155744758449198752e-03
9.253277738262889046e-03
5.851191276546376455e-03
7.730991519507859032e-03
7.596433889350104503e-03
6.354761778173356052e-03
8.072449889573779860e-03
9.749675942410069435e-03
7.874238681494068193e-03
6.332115789100688577e-03
5.697684428944602662e-03
5.216193987398224860e-03
8.653369979227047704e-03
8.315399139922009519e-01
6.875459969198655791e-03
7.379752907781851265e-03
7.867059144237254983e-03
6.989218727532020906e-03
4.029802569524875040e-03
1.058250107465940129e-02
9.125724007233460347e-03
6.069485361525532932e-03
6.579625445246378365e-03
8.934923277505765760e-03
7.808132640265896471e-03
4.286106327422642415e-03
8.936213538424015584e-03
7.493826171428177516e-03
7.959757896888101578e-03
7.371006924901612155e-03
6.956788138659384529e-03
5.251071764748049125e-03
5.045700379408866489e-03
8.835980033921386756e-03
5.039303418988895847e-03
5.469892618003802283e-03
5.998697140083112528e-03
7.224868062434851301e-03
7.660615428156305508e-03
6.321111480814368272e-03
8.110614546111340542e-03
6.229484755505155791e-01
4.173465190861822341e-03
6.292152475361056582e-03
9.581532516906696509e-03
8.476216369889049904e-03
1.088902421873781723e+00
5.823502891126049186e-03
6.102900898271503699e-03
8.387944428747073911e-03
8.942475532956351003e-03
8.744937531333148856e-03
8.869198656978792561e-03
8.101135249572193400e-03
5.517912979684902464e-03
9.312906853192729276e-03
5.789892355846956544e-03
7.916173842898218543e-03
9.121598031997727243e-03
6.899681093086760045e-03
6.492182567300403689e-03
5.703811162207647958e-03
8.593707197689919031e-03
6.478352674286859576e-03
5.965925004988898578e-03
6.508954003130834956e-03
8.460002533137675820e-03
8.915751842089977147e-03
8.320756421495234881e-03
6.340745132589233057e-03
5.950425962250777828e-03
1.038515617865180818e-02
5.029675799700861032e-03
7.581487072724995002e-01
6.302644255886264910e-03
9.014512963076266872e-03
4.872328127304552739e-03
6.554870916475743353e-03
6.231267568868967960e-03
1.442465688362671639e+00
6.277518686598857790e-03
7.708419021448354586e-03
5.092278670239427756e-03
4.137140042139358931e-03
6.393466971663772438e-03
4.111537740119940339e-03
4.176510966128237773e-03
7.607632534071248620e-03
6.078430256376764554e-03
7.148493641714938687e-03
1.189482741624042945e-02
7.546453019278106730e-03
1.107437448456481330e-02
5.577267452985815860e-03
6.501874523916616189e-03
6.229741901346204716e-03
7.142882321167282576e-03
7.414851779766242976e-03
7.157303816311109262e-03
1.202284910744948476e+00
7.312749205685063932e-03
1.078769181374299863e-02
7.524347962942472962e-03
9.821301051136739971e-03
7.158146506414633237e-01
6.417382823121139945e-03
7.896939918321178170e-03
8.035116191516209275e-03
5.932597603725232524e-03
9.871970369771526643e-03
6.806069469860842602e-01
8.087329006473055470e-03
1.013063698571444078e-02
9.011490601861564531e-03
4.282867639501811846e-03
7.767932244411157941e-03
6.776597033189899269e-03
7.392701885076060839e-03
8.565554419934357649e-03
6.767160765867331722e-03
6.138636489093927950e-03
5.900776586127773893e-01
5.461354062793381467e-03
5.984379198594324753e-03
7.913924650398831279e-03
7.562551198378985803e-03
6.567667602189427786e-03
4.558807592198925104e-03
8.508012052178356432e-01
1.154222647876330422e-02
6.600474826221402330e-03
8.718285223989503258e-03
9.472795583158003657e-03
4.540871004541874832e-03
8.344454278045847911e-03
7.732150438738978442e-03
4.486016222800438477e-03
7.956612176955648111e-03
5.756388314438051421e-03
7.606351287778520542e-03
6.995782073867371290e-03
5.849323388465495904e-03
7.757448310282286097e-03
6.940095608427325757e-01
5.615687760821066153e-03
6.701238721694695311e-03
6.557063303767022081e-03
8.355527448123218834e-03
7.870505311409392926e-03
6.147337789276898293e-03
5.501249681071428144e-03
8.026313072389419309e-03
1.006745144199198277e-02
7.295515164689164028e-03
1.050788548591099714e+00
7.232428973265199283e-03
5.862632285263819076e-03
6.382531010529473442e-03
6.065501926940832789e-01
1.039566404186264593e-02
6.559632220054873765e-03
7.916292186399912986e-03
5.115386065409736199e-03
9.332046498212197283e-03
5.649926276133252975e-03
9.053845385201831839e-03
7.703034319578583311e-03
7.514303342008565520e-03
9.909179727365064611e-03
6.397999195738082560e-03
7.781759931749393858e-03
5.988751493885799068e-03
5.675287648737901286e-03
6.402947609791518474e-03
1.274150362993008503e-02
3.716737160187683769e-03
7.078052428311368618e-03
1.376084808165482176e+00
6.260948798035849763e-03
9.494043508340228588e-01
1.061777352159752608e-02
1.297941813785622248e-02
5.506078451747300345e-03
4.474549743432047234e-03
1.096638237624073323e-02
7.774514028549615527e-03
8.368728885901465658e-03
8.496118465720001178e-03
1.347590184512127698e-02
7.532721194824031942e-03
7.251091031089068259e-03
7.851304619628355491e-03
1.008737040397192711e-02
8.859474476816451768e-03
6.563757038111611881e-03
6.888557299595073589e-03
6.123966561862329884e-03
6.212951806770897895e-03
6.370528733092586937e-03
9.349265691143584037e-03
5.501032400509671752e-03
6.149628106637819100e-03
8.498491530233742708e-03
7.254479948135793277e-03
5.867578525947967499e-03
8.047361458589810113e-01
9.399271199393611706e-03
5.586239547292053478e-03
6.599534714822136161e-03
8.842608882692450448e-03
9.304544782507633005e-03
7.722624370490351921e-03
8.363742182379332521e-03
5.164390224797731251e-03
6.862469892591433439e-03
1.096429041135758453e+00
6.280354979900509838e-03
5.671659240850647488e-03
1.106654924390780385e-02
5.610367772942388698e-03
5.155678757052560741e-03
1.054672522686372904e+00
1.266741763956919647e-02
8.885792851027689288e-03
1.078242347206825880e-02
5.618067501776738241e-03
7.106892549191648825e-03
1.317832134309780343e-02
8.331847304918867797e-03
9.077090993555155807e-01
9.786775741921431571e-03
9.397088033180261979e-03
9.785351924382653180e-03
6.473570184212087096e-03
8.035074812004650707e-03
5.444422312473979828e-03
8.795389683497419064e-03
7.504925366293735411e-01
5.826764329874281438e-03
1.019531124113116048e-02
9.390539070302423436e-03
9.838377535880458644e-03
6.505425784630638683e-03
8.632375630670308803e-03
2.834804384094514962e+00
6.049863925231428741e-03
6.333269237292415629e-03
7.676221248264869165e-03
6.444347564355639053e-03
7.539896010843675708e-03
6.904419653659714211e-03
5.682176864004620173e-03
4.209283622870357150e-03
7.667946589350825223e-03
7.933761503907213811e-03
5.470321636218270986e-03
5.212670704523086548e-03
6.373885765235344850e-03
4.005834548031583439e-03
1.114677743796620678e-02
5.694329449913932209e-03
7.902087686548313339e-03
1.289085839424263913e+00
5.258431085370303751e-03
7.015071127527743901e-03
8.129596280360598670e-03
5.122546074085078741e-03
9.894182004212152826e-03
6.644732090225000630e-03
1.083780337294822788e-02
6.937289959615273657e-03
6.278673261040744816e-03
4.396790923898573344e-03
8.362051427452193986e-03
6.584041873400520856e-03
5.530784496027270000e-03
1.155365911702216537e-02
8.713157039696702855e-01
1.096546715298978188e-02
7.501090734114019762e-03
5.234612479179124797e-03
8.077971244204149720e-03
9.869967567058563623e-03
8.673558372930562782e-03
5.914607424723581502e-03
1.227165511231825129e-01
9.163276302507366092e-03
7.636115461882101753e-03
5.040352711381077856e-03
8.273642274544672909e-03
5.093058875395762956e-03
5.178904035893369673e-03
6.682106757516209639e-03
6.842685547904418276e-03
4.565839893607095794e-03
7.520079106832367431e-03
6.553206397919765502e-03
1.086513504633504143e-02
7.324865999385301793e-03
7.316965134075545732e-03
8.043577520308308262e-03
6.583659625875455147e-03
1.133699240936922141e-02
6.861594330094724498e-03
8.303030692710483898e-03
8.563174939222244902e-03
8.384058775990740203e-03
1.055418963319753461e-02
7.801821316800561061e-03
9.476241550424932894e-03
7.503830959765018724e-03
9.037438018238782081e-03
7.567677014030900658e-03
2.859035889561553301e+00
6.121889978674011773e-03
5.801300262580065883e-03
8.530225829496055831e-03
5.459057398466157437e-03
9.187054754067787155e-01
8.501056639374374516e-03
6.605472781397506848e-03
4.085902645598880542e-03
7.980333026512062000e-01
5.735590342049809963e-03
5.251082432378626624e-03
8.245689098630394273e-03
6.934609397913508166e-01
5.919409148869853553e-03
6.987945512903501535e-03
4.220346171334038790e-03
8.520709476067082899e-03
8.093362882592157123e-03
5.275367776682061971e-03
4.140737266795303968e-03
7.565720631625805215e-03
5.680363912083447736e-03
9.432082411150282120e-01
5.620099890642277739e-03
7.571678358301804981e-03
6.292259042986348555e-03
6.585190152052343253e-03
5.103259148339373517e-03
6.303157375703121595e-03
8.192139396943999563e-03
5.536136722068406464e-03
1.504460346932575909e+00
8.125751355349164484e-01
5.764323279364821223e-03
8.371745035462684753e-03
5.096784243003932985e-03
3.309787016253447511e+00
5.875175150237680645e-03
8.584155695643412229e-03
8.787026340820538323e-03
5.196490259687691279e-03
7.017922773403125619e-03
7.411759323066017049e-03
6.395898816012414445e-03
4.589389832120804695e-03
6.332110109056241637e-03
6.262587012912691764e-03
4.312897987093907044e-03
6.799420764242686960e-03
6.363465308206342833e-03
8.485717863891070051e-03
5.934311271965846818e-03
5.239392401635583132e-03
6.554657437223082583e-03
1.424411070879344314e-02
5.806594023747590691e-03
5.050676854950765168e-03
5.496274296011923084e-03
4.602316960028653321e-03
5.865940342199947241e-03
5.423087650984408786e-03
5.727364365208589478e-03
8.298717911153058110e-03
5.595067489045267399e-03
7.705130662869813865e-03
5.275465820917626426e-03
5.432780985052078002e-03
3.428824175674785937e-03
5.854083026592446504e-03
5.712267209384669364e-03
4.349416016363796648e-03
9.780282266245171260e-03
3.958215350261969773e-03
4.673440086952922352e-03
6.358865938324622866e-03
6.287693744229092864e-03
7.106230787807553406e-03
6.291095558476558422e-03
5.466223334160304551e-03
5.698006384102184338e-03
7.263901593018267100e-01
6.619816160763548028e-03
9.150209213815860831e-01
5.974126350346192771e-03
5.608728626344676969e-03
4.426522057655795511e-03
3.535201285407057331e-03
4.970271608877255970e-03
6.221928582117470380e-03
6.254149462856815021e-03
5.633237761917890898e-03
7.581195834540973427e-03
5.460342546954998627e-03
6.487392789040225330e-03
8.712122974544881521e-03
5.235711260435566006e-03
8.943351346442248578e-03
4.148783209336764574e-03
4.878477675007581067e-03
4.322910868112143923e-03
9.176295282173202450e-03
9.118022806212213727e-01
7.532847742588263951e-03
4.713869532494845832e-03
5.641113224695954234e-03
7.752628460102377328e-03
6.029333138588821410e-03
7.566893677186206299e-03
4.674501609103215091e-03
9.628586915019493944e-03
5.427426568337250477e-03
6.789304964135097625e-03
5.802440613394611001e-03
6.049165617988291194e-03
1.090101337407704651e+00
4.994975630661707341e-03
6.766785154970850376e-03
6.734578629384623261e-01
6.721339112895156551e-03
4.923096310730232412e-03
7.422912705757893359e-03
9.256879512076321426e-03
7.983167464153971549e-03
4.564905895419008215e-03
6.502486727918824205e-03
4.636144193102086433e-03
6.598408932334509994e-03
7.206521057996196841e-03
5.996303721688004199e-03
8.040291376126022446e-03
5.772113917919098093e-03
5.024463134245812229e-03
6.679450781155457997e-03
3.813489485124235689e-03
6.405092843272882329e-03
6.917517999291801847e-03
6.233555324861497077e-03
6.271384472688474807e-03
7.314000868605962519e-03
5.894132950454539568e-03
6.532610248128645561e-03
7.479196316712872772e-01
9.040613719879086324e-03
6.067826984825888115e-01
9.842316259399406728e-03
6.859669585785144880e-03
6.754976522649413617e+00
5.313705565879637584e-03
6.189623583586965211e-03
8.391948862889837477e-03
5.816487625618371737e-03
8.514020468113179044e-03
7.156048939438445361e-03
6.329312366681155710e-01
2.230589647229115791e+00
5.707744268259458756e-03
6.651227495676440872e-03
5.161674457652840747e-03
4.164678303319339914e-03
4.393948665873869883e-03
7.514872728633863012e-03
6.702626012187817318e-03
8.881856659125098724e-03
5.199992647108239024e-03
6.571097886181563597e-03
5.251278554359950154e-03
6.809832730937784295e-03
5.378501715642677872e-03
5.864742314905213930e-03
7.545368423487424162e-03
5.233538587189017280e-03
6.153982199948876582e-03
5.371730535184738448e-03
6.850361802519692317e-03
6.641133482067261562e-03
4.166639479112040599e-03
4.806378721903615051e-03
1.092778283216537805e+00
6.529432694811555457e-03
4.958107449175239330e-03
6.242168327673575101e-03
7.056818856010699248e-03
5.497271227760558432e-03
6.914765321659204281e-03
1.698915568694441713e+00
7.225464290088757721e-03
1.012555531533132665e-02
6.111391923159046474e-03
6.014493957109774344e-03
4.845151086313554192e-03
6.591767189472788266e-03
7.532551323214154403e-03
6.329350154193669198e-03
3.672719580232221281e-03
7.517464771882600982e-03
5.976069487263158293e-03
5.445528267089858737e-03
1.055709322397194949e+00
7.211975763715096077e-01
7.559922667477876959e-03
3.608660415262696271e-03
5.056376575685053026e-03
6.439526372370988315e-03
4.664826301061240563e-03
4.365454770212814917e-03
4.801181035460245702e-03
5.991034629063348403e-03
6.914418926561774655e-03
7.363182383057643998e-03
4.708891735578994986e-01
5.392475025614564162e-03
6.438070394381824671e-03
8.652266260999965167e-03
6.487415615651651035e-03
5.944141392223055931e+00
4.795864128996256762e-03
8.115821759909588873e-03
6.130901668863427550e-03
5.890342695857211930e-03
1.062580718095366972e-02
7.108372459429241133e-03
7.507023059560864742e-03
6.296960067635877685e-03
6.345281507437607917e-03
4.988492023029597079e-03
6.182142279733243359e-03
6.957583281941062334e-03
8.658948083346912350e-03
8.915462682786945772e-03
5.900168163555159773e-03
5.760188679734649063e-03
7.674713273169037411e-03
5.568618314550545338e-03
8.593007775860901296e-03
7.345488447280624708e-03
4.463362829445058008e-03
5.383865089991170597e-03
9.237582664025205739e-03
5.929874869742651072e-03
6.721602036641770479e-03
5.342108928541771176e-03
7.457623098116064782e-03
8.113067126478781255e-01
4.781361503917332806e-03
5.659169043479143381e-03
3.257446924255033398e-03
8.223100667765945518e-03
6.846140799360536655e-03
5.406926771735701652e-03
5.384500260120609477e-03
8.821916988995672643e-03
6.832604898082368823e-03
6.234152002476252459e-03
5.487467311038638634e-03
5.243133452274305328e-03
8.677985880936645718e-03
5.006748305088640216e-03
6.681729298301382694e-03
6.061427434759104893e-03
8.068852817898360952e-01
8.431896089318392448e-03
4.361737156138917847e-03
6.998622964011057962e-03
8.204234998301361201e-03
7.947546309230578421e-03
6.095737720653761869e-03
6.865644358745507866e-03
9.682358649814297724e-01
5.265273516909045950e-03
5.384661941139804765e-03
4.839091300577122445e-03
5.535726781480579395e-03
3.041480933473815658e-03
1.885579670156822818e+00
5.807078302946971568e-03
3.000174171885579888e+00
5.193944826360751346e-03
5.299894104033269285e-03
6.487066014143560121e-03
7.517127179525890934e-01
9.111857251556457205e-03
7.520581215311423345e-03
7.502025610284198884e-03
6.749224480930746464e-03
8.078565477591516039e-03
9.585487799198093573e-01
3.902037781508294403e-03
6.629230568160964301e-03
6.609648502455219878e-03
4.641132336692551513e-03
6.989550839741199943e-03
8.474577371512203444e-03
6.934907606996564694e-03
5.929062480601998003e-03
6.820054938290225771e-03
4.705141375755127892e-03
6.916420781612964835e-03
5.573005664544602306e-03
8.631079890625874967e-03
8.835362399199185243e-03
6.124146021454017833e-03
9.309833691619997381e-03
9.077507908143389592e-01
4.446440237636823702e-03
7.472832855697509810e-03
7.115814295841150008e-03
8.353684205654856587e-01
6.559440221458757297e-03
3.459708036592576766e-03
9.975062724636503397e-03
1.027032105864997380e+00
4.314331652884959012e-03
5.451968662575041452e-03
5.679516802113452820e-03
8.213874318474381764e-03
4.531375706199070388e-03
4.390271734376355539e+00
8.558580390725294418e-01
5.947544538366398258e-03
4.652235309039492138e-03
6.643658754240415985e-03
5.909702322326673349e-03
7.047883416104666794e-03
6.961172650231274919e-03
4.901828723626525455e-03
9.189321016846073442e-03
7.900307970843473832e-03
7.433460851693345431e-03
6.906902048429947906e-03
9.315860303518337660e-03
7.042827504956418461e-03
4.629892232840873353e-03
5.750986072047312159e-03
6.935257155952301647e-03
1.283188322232146295e+00
5.723129215459545581e-03
5.363103741958974435e-03
5.504334557923055461e-03
5.135308675109818630e-03
5.834184691659684459e-03
7.327375257306602795e-03
4.494503875945144930e-03
8.382161083778075575e-03
5.270282279409198301e-03
5.845318612176766265e-03
7.986376689056003952e-01
5.768105356964519509e-03
7.318327835130286445e-03
6.706745417697154155e-01
7.611784089614816347e-03
5.906303500023468711e-03
5.444808154716764340e-03
6.777920674894090912e-03
6.378314718040505905e-03
4.550704235284960819e-03
4.604960389750277147e-03
4.949234696659116084e-03
8.141405434149935616e-03
5.531978329032153849e-03
7.581268652851712309e-03
8.363675643407940744e-03
7.145430767907580763e-03
5.931864234705338731e-03
6.688845294292947719e-01
5.459884763889959886e-03
1.426725258616874312e-02
5.730336681295800094e-03
6.959970233984969640e-03
6.948179656065885286e-03
5.556256251200639151e-03
8.549856341686487907e-03
7.070598796077305348e-01
6.108610545897008581e-03
7.584265086401779585e-03
7.898585726054851291e-03
8.945270774542378109e-03
1.063366491098984359e-02
5.573281040502099312e-03
6.528830024309423621e-03
1.092294235746243958e-02
5.875882296667102149e-03
7.273733250649951423e-03
6.467988616686183058e-03
1.003059144035791883e+00
8.549034364851621631e-03
4.027785740603869770e-03
6.979809506814598982e-03
5.709573649951066830e-03
4.588224500818987965e-03
6.842062124280266083e-03
9.872066899003966167e-01
6.639176768872979278e-03
7.149889361777541502e-03
8.325652563209415963e-03
5.887638274791388154e-03
5.711305199798665314e-03
6.267861714564667425e-03
8.126364498973012718e-03
6.909819244780610048e-03
7.746744301109045536e-03
5.480105365371362378e-03
4.252387800972132204e-03
5.985844865581914018e-03
6.382232755983959296e-03
5.233385834706526241e-03
6.255800409393920347e+00
7.853124665086190503e-03
6.397874783583859699e-03
6.444905342785816130e-03
6.123894628618611544e-03
5.792288269378763690e-03
4.263871436474784941e-03
7.566770308807674317e-03
5.847640527372452435e-03
5.713311360813799408e-03
5.806604084029415302e-03
1.017216861911262975e-02
6.501353730232830447e-03
5.036243664807675199e-03
6.545426377020678588e-03
6.310253620373636185e-03
7.781408106937369625e-03
7.602830934055001405e-03
6.191171415865131047e-03
6.371718743682521988e-03
4.979486434682803622e-03
4.716221658473169695e-03
5.805697822909645228e-03
4.940735546165719340e-03
6.631546200640511465e-03
6.392571890915143412e-03
4.043922750616425928e-03
5.894183755335234351e-03
7.080361915843051863e-03
3.975592583294513399e-03
5.896039862931228698e-03
7.525574832874561138e-03
6.049256051429328929e-03
9.575905157801640685e-03
8.209208115669677785e-03
5.854519569728213260e-03
6.472320472176320769e-03
8.293607865023575054e-03
5.632158979196484269e-03
5.318491515920087745e-03
7.390555156915291565e-03
5.442916669514298936e-03
7.243053943645056357e-03
4.424777942583523783e-03
5.169907503694983787e-03
4.352668781550081238e-03
7.575284550144424645e-03
7.572194854257056559e-03
6.692920706773319850e-01
7.536599970115007152e-03
6.819591652873704390e-01
6.377800887985989736e-03
1.414341831205629015e-02
7.179054599979929271e-03
7.628534475825173716e-03
1.302638101777275903e-02
9.338515172950923038e-03
7.426315942190293840e-03
8.580137632586203739e-03
3.922605423241545992e-03
5.838757253854047133e-03
1.002004544336275796e-02
4.586202821035055208e-03
3.942562719336090843e-03
5.643629364634008584e-03
5.961174317066421369e-03
5.862176180789144264e-03
1.202610990371022481e+00
7.212095819997947112e-03
9.274287896474910781e-03
8.026124718018206455e-03
6.221463963076293187e-03
5.163474134884130269e-03
8.290610265157675671e-03
7.198047905963200245e-03
1.147564515142845076e+00
7.400627160508235075e-03
6.849738755413881802e-03
5.674172003680300752e-03
6.222074765216583855e-03
5.827612452705667467e-03
6.761760990471744892e-03
8.048818473078546074e-03
8.545004168534908393e-03
8.764326164067897523e-03
5.618911705272107947e-03
9.069498772631698694e-03
5.589588452634325355e-03
6.505186352062434368e-03
5.637103290514080753e-03
6.468168548185593975e-03
9.240457273853187187e-03
6.815405610074503143e-03
6.173916317542604837e-03
5.656350534822754753e-03
8.325075870465520333e-03
7.503357521449207160e-03
4.122172047045911773e-03
6.784024864808617557e-03
5.417401212607016701e-03
4.930207163997543662e-03
5.654961467894889515e-03
5.169978831594092619e-03
5.295008906494503946e-03
1.122038000588378333e-02
5.158544134796631472e-03
6.963626764754232701e-03
6.488927455536468158e-03
8.748587934748655592e-03
9.912797941151860540e-03
5.934699612887893092e-03
5.443752182580259558e-03
4.969978118581287914e-03
8.371096666558948407e-03
6.102352868973049738e+00
5.153161775051607815e-03
5.437809844180298627e-03
8.137376152380545666e-03
4.405362867287164301e-03
5.409238716307506606e-03
5.170538984052088644e-03
6.898615788189883455e-03
4.525851093632838468e-03
9.055164794133777062e-03
7.213290998882114849e-03
5.409690127083253627e-03
3.453858265830911725e-03
8.024666915634019737e-03
3.677579317219445421e-03
3.226588002221037442e-03
7.137697989051262903e-03
4.107855186815785598e-03
5.864785236844376540e-03
7.955844707574625738e-03
6.489376247644400575e-01
4.877709318624742080e-03
2.624948808030534188e-03
7.809490172040150884e-03
5.123046419612413416e-03
6.585839858100973540e-03
7.139826951228374005e-03
5.395757482763359827e-03
6.349679728862907963e-03
4.096417083343500271e-03
5.230658449452330397e-03
4.955798725887962559e-03
8.145843075079445966e-03
8.220087245876139814e-03
3.739319632543109534e-03
7.422904482900363060e-03
5.564504777043592296e-03
5.253344487798308760e-03
4.012135099141688789e-03
4.911229278798212410e-03
5.575389128468844976e-03
7.096085879995445676e-03
4.287310161551685997e-03
5.271299791450342886e-03
6.416722692075370674e-03
4.600756852193363736e-03
4.994165067784800405e-03
4.969803120563725737e-03
3.301798195638529568e-03
5.363331382360910990e-03
6.282663341827155953e-03
5.238616268764291831e-03
1.145176834628655715e+00
3.738185063116791513e-03
5.566961514850983506e-03
5.347921150372551488e-03
6.185338590237982048e-03
4.451492066071393618e-03
1.105606411312891169e+00
8.146305944010733269e-01
2.835876433505682935e-03
8.892129776658894702e-01
2.731971005574958603e-03
5.097639480512191831e-03
5.202670629107552895e-03
8.650219222576402411e-03
4.062611810774777003e-03
8.492912251119769107e-03
3.017537624490802643e-03
6.348713673956063452e-03
5.776853985405127484e-03
6.650515278287177229e-03
4.109222517422098271e-03
5.460852991483250082e-03
5.453280788424831951e-03
4.823956938318081991e-03
5.385057634591360748e-03
6.118008103544830129e-03
6.528342507259640021e-03
1.291719868223076162e+00
7.120077087521620857e-03
4.837761375040250042e-03
5.339680557376855034e-03
1.124907749123015346e-02
5.127473811161386771e-03
5.756422950350502041e-03
6.305504950144964413e-03
5.880793680505373017e-03
9.442940220007991353e-03
6.672668073220158758e-03
6.836520626474957840e-01
4.455764262186951916e-03
4.985577878857750181e-03
4.712486976826193823e-03
6.855545920597831966e-01
4.205472930763348369e-03
5.284912259189487697e-03
5.431359059212107626e-03
5.283263587185116350e-03
4.152802167400420491e-03
1.172078401641260870e+00
5.506336999041152452e-03
4.337958834868158378e-03
6.083257208882405197e-03
7.754782292967526969e-03
5.838501383268039115e-03
6.894437719369707687e-03
6.456087563890900230e-03
6.388886275959059294e-03
5.019917234632621100e-03
6.428513202814014130e-03
4.789953168748280546e-03
6.007775237067407292e-03
7.063086625269819965e-03
5.825487880649348436e-03
5.541673896491671261e-03
5.285218136119339272e-03
5.778973942817140080e-03
5.218425066536525048e-03
3.711268690164717249e-03
4.836897822104879556e-03
5.620568660092486145e-03
6.665499924817916769e-03
4.483232201840852381e-03
8.292250852343530099e-03
7.956611941633546028e-03
7.767289514273663723e-03
5.945456630616094938e-03
3.136056379585941585e-03
5.874679418511295770e-03
5.476814924279289377e-03
1.065703183219139039e+00
5.905469089817463359e-03
5.261892967090562798e-03
5.983797628535667858e-03
5.686898326494257971e-03
5.837603456476594607e-03
3.364597222752010834e-03
5.907732065207047835e-03
4.918151403076592487e+00
6.381843066257223557e-03
6.560569709013794326e-03
7.072013994681420820e-03
9.848473116508056624e-03
5.690397493992967876e-03
4.779253911468389279e-03
7.462398286928586220e-03
3.964904073759587845e-03
4.906680635915877317e-03
7.847007765819181968e-03
7.491387954008709230e-03
4.619057689384229587e-03
4.321749132447282905e-03
5.015325838368387898e-03
5.833286555605355153e-03
7.757169769684024371e-03
5.995550969976122246e-01
1.269671310011213805e+00
6.291304667808680917e-03
5.159861736388431964e-03
5.705134881932832913e-03
8.244290103218438609e-03
4.587697671027256285e-03
5.528688854841467062e-03
7.209157828374734150e-03
6.973884526199436440e-01
6.208035961975163358e-03
5.851654298132490453e-03
4.357475362304888758e-03
7.112668115477318587e-01
4.525989809449139020e-03
1.023908029615057218e-02
5.778739823214243052e-03
5.070036634297244924e-03
5.256480704644638652e-03
3.267592438880240462e-03
6.566409437068265742e-03
5.902207878238887456e-03
5.633878452276259996e-03
3.959362625952676969e-03
4.400327205025790500e-03
3.858533829097771269e-03
4.757185871670972094e-03
9.359285386801790008e-01
3.937345815928033552e-03
4.622407057025247623e-03
6.636189459068702126e-03
9.073276266446307636e-03
5.067702853926084675e-03
1.328314686700842628e+00
6.498440528221745283e-03
5.393943414637036513e-03
8.236782734054294564e-03
6.422808672325013707e-03
1.472604236233963082e+00
4.952626944935900263e-03
5.495327172912620357e-03
6.123947863793408573e-03
6.043321981538680998e-03
4.352792174624304025e-03
4.957602674201486495e-03
4.910412104990768967e-03
5.672893798219239003e-03
5.858116331712273986e-03
4.871717890767384568e-03
6.010093199957145665e-03
7.492130540073341574e-03
7.613672444149795215e-03
5.736178850967589560e-03
4.206261436946821808e-03
1.079680042557143338e+00
3.815261087603854205e-03
4.578859473445216419e-03
5.075211739744207341e-03
4.923732709146622609e-03
9.486987744765140729e-03
4.665902113782746663e-03
6.091651210542106329e-03
4.919320805934951184e-03
5.407146445811057169e-03
5.748035441374504950e-03
5.586505014482765971e-03
6.725815499391480864e-03
6.293145352762936906e-03
5.309521167891400641e-03
7.469847477472511127e-03
9.725173108531025568e-01
4.732434093417621501e-03
7.296371875314535543e-03
7.397118047532104390e-03
4.850577216994075500e-03
5.064426536242134375e-03
5.569867166230738423e-03
3.731567900787996148e-03
8.864408294550908674e-03
5.490881408781955741e-03
6.462130362189857057e-03
6.989185863523820347e-03
1.023168960270883984e-02
4.982859246731505092e-03
7.877204257736345472e-01
3.812411344856163516e-03
4.664783372740282687e-03
4.237327999111251131e-03
3.397580948352377402e-03
1.102207208350761913e+00
4.657125090464739672e-03
3.852978160630337115e-03
5.569672406584147764e-03
4.514866376664160991e-03
7.351568809446524730e-03
6.466885311162847566e-03
1.080922703449468426e-02
7.296866175372515063e-03
3.754195855703620910e-03
1.112910296455240866e+00
4.399277170663228390e-03
6.433393765230619246e-03
5.859237162139036351e-03
5.833996013780765738e-03
4.333740814618644230e-03
5.158601633063076425e-03
5.586085484271528442e-03
8.097133574408497125e-01
3.092834226500655939e-03
5.531276403807489084e-03
5.718013336583305586e-03
5.853104749381827024e-03
4.304976104700467335e-03
4.340278721512651205e-03
7.179615633677464102e-03
6.899165768417269556e-03
6.750755823779669255e-03
4.796539702737519922e-03
6.249111086728181830e-03
4.365268993067205998e-03
4.211512960805670856e-03
7.349039128713624747e-03
8.712125401206233244e-01
5.348918955611226683e-03
2.561257083086194264e+00
6.209680393889130054e-03
5.058754530169991617e-03
7.177851877448683873e-03
5.227073001554283227e-03
4.918851852044491511e-03
8.684841742561406619e-01
5.115263853660453192e-03
5.992884190120805789e-03
8.484999644885204972e-01
5.399481731093759562e-03
5.624282196108856130e-03
6.037616617568348013e-03
3.770478013823238411e-03
6.964399160292875784e-03
5.385516866200356148e-03
4.942266956786494497e-03
7.064809455598704616e-03
9.943523914619532000e-01
5.163749826426490205e-03
5.859145417694128222e-01
3.467284198104836519e-03
3.881450357617430291e-03
8.020073116158703275e-03
4.464856046917793989e-03
4.661506590902812081e-03
5.201957772877062805e-03
4.735096974562175154e-03
4.505862355242369610e-03
8.618083369697680796e-03
5.107556175931633920e-03
4.641531130224032034e-03
6.220175834094552637e-03
9.372659483257933521e-01
2.379628451168193659e-01
5.583134412769161746e-03
4.347756427760919064e-03
5.558631828414026255e-03
5.579915716975039630e-03
3.471916673018935959e-03
3.544556880533008842e-03
5.392188861356592838e-03
4.177663634127237562e-03
6.613213842743210016e-03
5.105551048235632342e-03
7.355093074124789687e-03
5.323195034741299431e-03
5.915016324844251695e-03
5.641355184333188277e-03
8.023862189473363743e-03
6.527213123854947591e-03
5.879325099162786838e-03
5.255039313643608892e-03
5.762175267206424978e-03
5.324405953297327299e-03
3.735800645019516156e-03
4.415998069060443967e-03
6.621693815581768464e-03
4.373809804574660572e-03
5.153019705927346095e-03
3.853466879293429570e-03
7.257235217343732323e-03
6.179498675868285232e-03
4.197966198044594636e-03
4.290559447931300285e-01
4.604095481780734120e-03
5.396781366552522510e-03
5.601309593348411699e-03
7.174594490746313662e-03
1.882249257741255843e-01
4.975426467692471363e-03
6.356082487928954063e-03
3.118309164619389832e-03
1.030914120894522945e+00
8.519609060672596323e-03
5.548391861243276088e-03
1.020795240988860542e+00
5.965036304322011984e-03
4.481122869950823762e-03
8.013166380046787829e-03
6.224642830274752445e-03
6.245456879229420964e-03
7.078680744533500345e-03
8.117064457445859194e-03
6.700316668979003701e-03
4.222639231396041470e-03
4.716104162497580105e-03
5.264176165885590605e-03
5.781796719088510596e-03
6.988610761206276098e-03
6.414395924788734993e-03
4.351945923008354936e-03
1.006540445440430531e+00
3.757144208168770004e-03
6.497680530826409340e-03
5.218687481293882852e-03
4.931750496749976592e-03
4.436900826012152521e+00
7.965187537652778510e-03
5.438573162615768439e-03
4.530701326513742952e-03
4.153165147606073526e-03
3.819406935211378841e-03
6.043164235400816202e-03
7.121883422384265444e-03
5.362990104203133740e-03
7.926354155492769740e-03
4.771334862088154674e-03
9.436104213382869380e-03
3.479822930943279966e-03
3.402928305437321645e-03
3.419707005093820459e-03
6.486151957144229221e-03
7.074424503153275284e-03
1.139760179811957069e-02
5.153607847482590334e-03
7.625784246301304040e-03
6.444592751893744170e-03
5.901826677747495919e-03
3.882370370336140231e-03
5.410080665318138526e-03
5.979344215595933619e-03
4.912423846651129376e-03
8.438183397878502856e-03
5.941895917803186739e-03
5.192940119025326109e-03
5.305063447025263647e-03
7.602776240344649890e-03
3.967961157191248617e-03
4.513464375069531007e-03
5.214198778995981186e-03
4.804200034848601225e-03
8.002432211240559923e-01
8.660686344906140879e-03
8.840724990216109955e-03
4.462654438697890441e-03
3.176155898346581102e-03
9.676034013759814492e-03
5.426014159988040014e-03
4.616389346027330309e-03
4.755235843854308496e-03
4.289974384982360445e-03
5.841120464060989281e-03
6.007187357434486293e-03
6.121389450540184671e-03
4.270378673227495474e-03
5.689130170106823300e-03
3.553983739960099846e-03
7.615658039337083185e-01
6.020551801438614979e-03
6.265800211880417914e-03
6.636516194075765297e-03
4.188185892090992742e-03
5.758432492695247408e-03
1.181826286554588101e+00
4.223036600580119815e-03
4.864259284195125883e-03
5.986976322979786769e-03
6.996471991206331190e-03
5.624813741235702366e-03
6.921312082651074130e-03
6.193688421294391011e-03
6.804491251902743641e-03
5.265300693604087895e-03
3.971184341839833348e-03
7.989094771269536488e-03
7.621780285000379074e-03
9.367233801978330776e-01
8.833451772137585617e-03
5.853213946692021122e-03
6.163419636343944394e-03
4.495776035013935266e-03
4.193962764034894243e-03
5.206552210876231115e-03
5.568351835721187595e-03
7.690736671234111796e-03
6.687245640073904984e-03
4.534552087927186219e-03
5.513445313351550935e-03
7.433837445072125419e-03
4.229400397362814007e-03
5.165191116445064928e-03
7.102385931451769135e-03
5.419362445655741961e-03
8.313084477523239313e-01
8.778806005916984026e-03
4.242284646413742658e-03
6.838505075476366407e-03
8.516521365724250350e-03
3.829064524097351534e-03
9.054536064738225587e-01
8.792828130758341132e-01
5.804595688760148808e-03
3.534289115743659802e-03
5.028371964199454015e-03
6.352922950763423282e-03
9.414207536919507735e-01
8.306808541111770569e-03
6.098100240044231415e-03
3.859007945494528392e-03
4.575022839655158539e-03
5.261964663300377348e-03
6.637789229193959660e-03
7.895826259490711790e-03
4.426580234039871088e-03
6.735580278216835547e-03
6.445096808931873728e-03
5.263811702635359802e-03
4.504947616464077299e-03
5.315059218169573135e-03
4.626383219686402981e-01
5.851020684409543107e-03
4.062741509213600027e-03
2.835738670060331312e+00
4.913071131448417880e-03
4.211854864513420171e-03
8.581680584190997177e-03
5.799467211557846752e-03
5.045416943159062619e-03
