6.568720421212702831e+00
3.677816054709068250e-02
3.297258129832266599e-02
9.366604670795473098e-01
2.942391355295486538e-02
8.399854544807268120e-01
3.034033873492475442e-02
2.877775025609002890e-02
7.430224487402149469e-01
3.092659369370000591e-02
7.696701454982652901e-01
7.667452135871324792e+00
3.194355982176348696e-02
2.481074065461464848e-02
9.260781079779796254e-01
2.504605310648745642e-02
2.777415586317124457e-02
9.187445022637511505e-01
3.953963092307918176e-02
8.612369690410799361e-01
9.603022711164934666e-01
8.933203691363322818e-01
2.932865987975933134e-02
3.177690989834902613e-02
3.266131342406541904e-02
7.703470137202539370e-01
2.449904062835386170e-02
3.231456495757739633e-02
3.456302464810245140e-02
3.087976044492062033e-02
2.931574080141531244e-02
2.397102633908219232e-02
3.679260930174507727e-02
9.379640903235830773e-01
3.855591263266505003e-02
2.496221253535528373e+00
4.797901350005949972e+00
3.496004580696691899e-02
3.817857552369859769e-02
8.005628354953522319e-01
2.848541938557678371e-02
2.712347762949909757e+00
7.385719462497220000e-01
3.062977411948476780e-02
2.613533492351386572e-02
3.164871794026419272e-02
4.244542754025426579e-02
7.662118732481262295e-01
3.443794271731488721e-02
3.363755738237873827e-02
7.798651041215582946e-01
1.174252857432914965e+00
3.011467811598364866e-02
7.906692659670164769e-01
1.089216984968820690e+00
3.791520700318520148e-02
4.593763318650263827e-02
9.496182110506385943e-01
8.032918030707938417e-01
3.056908150404264585e-02
3.701235489878715312e-02
3.746644885427619087e-02
3.121387985115938596e-02
7.925875184873093504e-01
2.740610295579241559e-02
1.294610932229467659e+00
3.033355006589375652e-02
8.531023835456180704e-01
3.120601070040119468e-02
5.414159415674900444e+00
2.931893622991869550e-02
2.244511029723594842e-02
3.680936900567028519e-02
2.986579367361429788e-02
1.576194836261452625e+00
3.294095900800488030e-02
3.440975709634230828e-02
3.537599881330705243e-02
2.734258029336238127e-02
3.321393534448779244e-02
7.839183411450137973e-01
3.507050548547595986e-02
8.437055574269796132e-01
6.893370198330055487e-01
8.121457329702899131e-01
1.240975413318735399e+00
2.864219624077052676e-02
3.358649135565602850e-02
3.480048626118389943e-02
2.673520638714077177e-02
1.371715109328316640e+00
2.589439103271776524e-02
3.160333409266223581e-02
4.149181280946562245e-02
2.736473205614652418e-02
3.455723162384001512e-02
1.026482612070791056e+00
2.227754530037960201e+00
3.962969522406851325e-02
4.826355533936688147e-02
8.119834158573706606e-01
7.709441923963774590e-01
7.086890889511103353e+00
9.906591822190010665e-01
2.823485530501365637e-02
2.876110781336145214e-02
3.562053079012525436e-02
8.559179965942005364e-01
3.139975531715846757e-02
8.354919630610617709e-01
8.492203052300725252e-01
3.300909479475323122e-02
3.392788219719419796e-02
3.668683956156124082e-02
3.038502333629894414e-02
2.895756634993754908e+00
6.788044191846303033e-01
1.543968798618071236e+00
3.362404553338949054e-02
3.563267983169425557e-02
8.240648864378590233e-01
1.266230930786933939e+00
9.548253280632454931e-01
7.064257416157664338e-01
3.278690411318285758e-02
4.292417494267616179e-02
1.483786212414522465e+00
8.424028861487489195e-01
3.361937008315976638e-02
1.133286282990436433e+00
2.824426233259175537e-02
3.950941261213009037e-02
6.775486891779289866e-01
2.957288031665750508e-02
2.525199904566111792e-02
1.157502030538562821e+00
3.316717632513907499e-02
7.277159574441154355e-01
8.273868231470653534e-01
6.893033787987358219e-01
2.887582954062923798e-02
7.593544847327415859e-01
6.752935985341693481e+00
3.027116987848574997e-02
8.648319447531525039e-01
2.215698578309565486e-02
2.663561685153573513e-02
2.622265608603899234e-02
3.600695424565428238e-02
3.215884924439160741e-02
1.199840668828771051e+00
3.558017021284907988e-02
7.714414178685906620e-01
3.154827859107631194e-02
3.415132249438993656e-02
4.502970956953224579e+00
2.589528323978168567e-02
3.462105587290487119e-02
2.970825452556143456e-02
3.817542708998824391e-02
8.576440831690251843e-01
1.236410307453635227e+00
1.071710392995890881e+00
1.439930379008418582e+00
9.539888099101496710e-01
2.423865985637696507e-02
3.285891683567095101e-02
2.913945374710690678e-02
3.225820791241595237e-02
1.536754194585580269e+00
2.908399675386384373e-02
3.908943964826570860e-02
3.658365816128648224e-02
2.381061224424278755e-02
2.917382373778664925e-02
8.239453633642286334e-01
3.267702169429274883e-02
7.432015752504720352e-01
4.490173253283183397e-02
8.571257862911751957e-01
9.580502408722259000e-01
3.635686064756016300e-02
4.447759378830618004e-02
8.775315091381894472e-01
9.850090115168655958e-01
1.510397971951082496e+00
7.719905029743180380e-01
3.430168413191775345e-02
3.732195271587930574e-02
3.642981730295240250e-02
7.357462534831078482e-01
2.631774992350911779e-02
2.438905082615425504e-02
3.184093827263319992e-02
4.082742482701901682e-02
3.050445637219736245e-02
3.796857503482738150e-02
2.740488009129881872e-02
1.005308311707316937e+00
3.248525044131633788e-02
8.052771006046303137e-01
3.623539986535836283e-02
2.644685418627144499e-02
1.165372276312363287e+00
2.727225270065233853e-02
3.273868470477903081e-02
5.029309037674600108e-02
3.544953943370283966e-02
3.097809939050423164e-02
3.259651565891617808e-02
8.187191815986741839e-01
3.452297265602308207e-02
7.434441474045261344e-01
1.084345621173919971e+00
2.307613156067764987e-02
2.462664132299613798e-02
4.298590206251633183e-02
3.431530759021792637e-02
3.046968304053947890e-02
3.551180260778402653e-02
2.904267193996865754e-02
3.360926138435739452e-02
8.946655383354555902e-01
2.833880689030458463e-02
8.679066387756492196e-01
8.392814031051263335e-01
7.031456986645732155e-01
2.051820487986696584e+00
8.201893439805412189e-01
3.453393876921748151e-02
8.151878189958399190e-01
6.314484191828160675e+00
1.406040510095119656e+00
3.105544410592665089e-02
2.790712626523064038e-02
2.995926720475081823e-02
3.464855887338894047e-02
3.165075833653618192e-02
3.024989488958114078e-02
8.919797984814447078e-01
7.673660423246851936e-01
7.466056612713400931e-01
2.906204671553900415e-02
3.910218487346316801e-02
2.779324641950425834e-02
7.859568937354096674e-01
2.934025855179341752e-02
3.212056587156877224e-02
3.311245774536387965e-02
2.640586559588154358e+00
3.716541309423031236e-02
1.115638849844449165e+00
3.767746509816927852e-02
3.368472077260407926e-02
3.402644536035005773e-02
3.094727614490949338e-02
3.515418683464732741e-02
4.277752506626911533e+00
3.814756375955079271e-02
9.687013593035270764e-01
3.596227691663145265e-02
1.306179256918170051e+00
1.040329444036053097e+00
3.591367841431333807e-02
2.972265003565855226e-02
3.165741661241568833e-02
1.029879987533951047e+00
3.434443643689796821e-02
1.196046291850763055e+00
3.492619097935567574e-02
8.177198205447462342e-01
2.663145545707669426e-02
3.735466284694253375e-02
2.925521911330964536e-02
2.272255477610397811e+00
2.957620927820556189e-02
9.316232440382090640e-01
9.211524266670848560e-01
2.718497890969786418e-02
3.579139322011794244e-02
3.712924099848306098e-02
7.956195156035135163e-01
3.887352134350437888e-02
3.164531445253183917e-02
3.114098169870389843e-02
3.346118513617063472e-02
3.400874394327418893e-02
8.815216601996109791e-01
3.912982090125759205e-02
2.766802918805667116e-02
3.216006945644490217e-02
3.762958016898484970e-02
2.581111122472577388e-02
1.167150102492981123e+00
2.802313827447555639e-02
2.905907119382261650e-02
3.261020407634753621e-02
3.699851368099830312e-02
7.524631081787971354e-01
4.314832971459507671e-02
7.080366360832460737e-01
9.251162745058560954e-01
3.816436314426452370e-02
3.835278699612582054e-02
8.215540710329085616e-01
3.018429404907481406e-02
9.250712332755720579e-01
3.362201608301697286e-02
2.706979149574466337e-02
3.651347995493792187e-02
3.022151404959814991e-02
3.495761670307354768e-02
3.336071935733815608e-02
4.007840235327438799e-02
3.129858477190941568e-02
2.680316721931167920e-02
2.913265840457036904e-02
4.042868756434615796e-02
9.741616626345229735e-01
3.444352299811185431e-02
7.200734395733054960e-01
7.472729888847176039e-01
9.408371662425125681e-01
3.112565541731143401e-02
1.067703710840193443e+00
3.473987019165791085e-02
5.105574148179995220e+00
4.116587557935109665e+00
8.681688113443191135e-01
3.166784564232408283e-02
7.725253252806494331e-01
8.527110146729680595e-01
6.070841473560791179e+00
3.030396239895710025e-02
3.520908937861973176e-02
3.499973759430563547e-02
2.817491739510300658e-02
3.407609606175704409e-02
2.392078588260961383e-02
2.911280964327837492e-02
2.939473143325114016e-02
6.882483740066163147e-01
3.286498080035429870e-02
3.810607774691478156e+00
5.499217421647514925e+00
8.893586146828316163e-01
2.685631599797491553e+00
9.542795449546825903e-01
7.774386399827610816e-01
3.203936609299458393e-02
2.864832373135291210e-02
1.371834213716055739e+00
5.983789125828689492e+00
3.618293827846075228e-02
3.478457989597832922e-02
7.030437273534826392e-01
2.819807476771515192e-02
3.381556329387042092e-02
2.831539991894683972e+00
1.039179685964876310e+00
2.636030692642760132e-02
8.262597377258363851e-01
7.304261324873551064e-01
2.979638060857838638e-02
2.709512457269796018e-02
9.283001556318288827e-01
3.331455146306289139e-02
7.668493935458221555e-01
9.661181287173131738e-01
3.569599839710779765e-02
3.246385572364016148e-02
8.600210269704029464e-01
3.583366034820312240e-02
8.216317435557476401e-01
1.300669872394368154e+00
2.875856488508017617e-02
3.567605489701510674e-02
3.271374570248028468e-02
3.432986687468381204e-02
9.796566708067646623e-01
3.700114644574664657e-02
2.849986321976055031e-02
2.997783300803922441e-02
5.887256181148513789e+00
6.734210504222429838e-01
7.739619303673511697e-01
7.731970016337397222e-01
3.634151644592685526e-02
1.416591249473891923e+00
2.791433541012755884e-02
6.937509495951638128e-01
3.280208560332302514e-02
2.890628506718874446e-02
8.308411852695229971e-01
2.476239758782432590e-02
2.741433093152784856e-02
3.778426405987712899e-02
2.576934580020075582e+00
8.636160808487203244e-01
3.385728533413072394e-02
3.438160068693815047e-02
7.289726170083610235e-01
2.622004854157007972e-02
2.585059718228068654e-02
2.962705773845155863e-02
2.731467839154071153e-02
2.720584778381750224e-02
3.372044747408697862e-02
3.851432082152537184e+00
2.792679000059203678e-02
3.418424516567158261e-02
1.344213304004268306e+00
3.394907512933870858e-02
2.919645255968948347e-02
8.883217742255933302e-01
8.562235475933297479e-01
8.168607092354955856e-01
2.732610579384308486e-02
2.636660687003969272e+00
1.346798102984648970e+00
2.719424971345235989e-02
3.094841754197091496e-02
2.678643946952798116e-02
1.376816288524000509e+00
2.698619799791051807e-02
2.912638759227343527e-02
1.418301147451297650e+00
9.631654721141047482e-01
8.008390435168211141e-01
3.290918071247249388e-02
2.236988166557347252e-02
2.975937225442236433e-02
3.859346525584355508e-02
2.883230887809616963e-02
3.154396595917815377e-02
3.067500066295705818e-02
8.626955742117303760e-01
2.638182174085745152e-02
2.812820571107665479e+00
8.387678849466775333e-01
3.825799522282362364e-02
3.476478921708257841e-02
4.235517842819042089e-02
3.159679062144533923e-02
1.550006101916609813e+00
8.627228173988015225e-01
2.355952872389871500e-02
3.542167025661287910e-02
3.185140408010182084e-02
3.033398254380502423e-02
3.232221724884579150e-02
5.581557276905819265e+00
2.885079702619524136e-02
1.217171767749503086e+00
3.330189519894387329e-02
9.932054667719438790e-01
7.611275951155856978e-01
3.617871621450925723e-02
8.164376543296651967e-01
1.275197599672202253e+00
7.892092599709359391e-01
3.091933268531719958e-02
3.569739313463335395e-02
3.346354568205055224e-02
3.243173021775889314e-02
3.204311186877949191e-02
3.151222714144883558e-02
2.527940616990713776e-02
3.276865191098013441e-02
2.818864713927393684e-02
3.131343061859463012e-02
3.448603135211567722e-02
1.434173547520139813e+00
8.444588820774883153e-01
2.660072774362030532e-02
2.620084726756270049e-02
6.659198071317420364e-01
2.394996302999816834e-02
3.452319534666462020e-02
3.438107627834249835e-02
2.738778945442926424e-02
8.531501062149697834e-01
9.227694780070674341e-01
2.308255655099851478e-02
3.112244675442187372e-02
2.977870797431612232e-02
3.450897650299479535e-02
4.087907609906660938e-02
3.619041791524170437e-02
3.551951766476581618e+00
9.626929481328957428e-01
2.832269010472507689e-02
8.247778459073678015e-01
1.034805480381758791e+00
2.464842168985779264e-02
3.213582945116123107e-02
7.018578446244512214e-01
7.527703062575514803e-01
2.771705608762672565e-02
3.027951870406317414e-02
5.437908009605978421e+00
9.324909794275870745e-01
2.995994544575953267e+00
2.717799807376779925e-02
8.522131144179869722e-01
3.374861544943619229e-02
1.057788378447625632e+00
1.345416685764648124e+00
8.619032884940048822e-01
8.083618626690773912e-01
7.758128768586246560e-01
3.641802941324351339e-02
1.031428247552992339e+00
2.183622442157774624e-02
3.112932379965292762e-02
6.894333338717244963e+00
2.508170364668758576e-02
3.339619347254352277e-02
2.755564724682520172e-02
2.738437572997391711e-02
2.957370343566254056e-02
2.607516441229970616e-02
3.116257698919032079e-02
3.513935913853342280e-02
8.909479223268349513e-01
8.177135388638691049e-01
2.543479025382288511e-02
1.099000601872560434e+00
2.108574233007553048e-02
8.259147151252068664e-01
7.395803058361695159e-01
3.441541016136787090e-02
3.382204882090801557e-02
2.659533183901004183e-02
3.740882919282807056e-02
2.202921796183072989e-02
3.335789783847097068e-02
2.872515542093527496e-02
2.978107982760785921e-02
2.753376940418334612e-02
4.070252967602585453e-02
8.206756038153276700e-01
3.138315555623381881e-02
2.938276719348472885e-02
3.559040964193708328e-02
2.552542377351299518e-02
7.672063392855483777e-01
3.206523886039832488e-02
3.001670546629058717e-02
3.235093126252242685e-02
2.616101763641997396e-02
3.023855258420954373e-02
3.111874946251551310e-02
7.351978431560670657e-01
7.467191677344594547e-01
3.296645984599386736e+00
9.526821009631443182e-01
7.635793217471353866e-01
2.910181883486579579e+00
2.814391169718419294e-02
7.038966465300997566e-01
7.574335657291129120e-01
8.350988315573545373e-01
1.112044965151230969e+00
6.994098708286578869e+00
3.067084307496079076e-02
3.648149731652919336e-02
8.494144970507322423e-01
8.084174105602631721e-01
8.992435114236215776e-01
3.762246821428163329e-02
3.174834187113396988e-02
7.863790016482262724e-01
2.829365417910853844e-02
3.737795015749550975e-02
6.944100205918968260e-01
9.540759178695132903e-01
2.636625887839813553e-02
1.964378711464243921e+00
1.107486880195348355e+00
3.385738212836786332e-02
3.046116707587410294e-02
3.326842985369375671e-02
1.150659707212021710e+00
3.072194744419441681e-02
8.113818311593807842e-01
2.111478152185704976e-02
7.603551893026230246e-01
7.826411917906870297e-01
3.479996886570778380e-02
3.525683102120061307e-02
2.802170460209176331e-02
3.084209767252154427e-02
2.134350682338991945e+00
3.753940217595253870e+00
3.188437268159430987e-02
3.454048459443579550e-02
7.405064974698344349e-01
1.745201858338258916e+01
2.844144699903462109e-02
1.566971578197047910e+00
5.641888384228474607e+00
2.767109115502396077e-02
3.346133103929304492e-02
2.936141768098036314e-02
3.256627000358691681e-02
2.783253819292346581e-02
2.782791848830744319e-02
2.591511409282789766e-02
3.101444890447954336e-02
2.766819711645631535e-02
3.102778949981899875e-02
3.041886775516885327e-02
8.754423092323685429e-01
7.720082549618866308e-01
1.357852688121993445e+00
2.858105959842060714e-02
3.211130468530706134e-02
8.966163448309574235e-01
8.057379718906259036e-01
2.805654410395592990e-02
1.380048588050552860e+00
3.135904458174579995e-02
8.661183410790722625e-01
3.270279577545359695e-02
7.748614113853977692e-01
3.135637728795061252e-02
1.130907866832131958e+00
2.518605569172455844e-02
4.135576201848324196e+00
2.746557115210997851e-02
7.586765276987585960e-01
3.231869461172150876e-02
9.563081508492103922e-01
2.919241480512586515e-02
3.415930933178332185e-02
1.479537876454319445e+00
8.412679000895147974e-01
2.187750623823431440e+00
3.266004277262449240e-02
4.894343055823651589e+00
1.028052356818577984e+00
1.050033472010764024e+00
2.844549170645658751e-02
1.096225464843817221e+00
2.669433411106959114e-02
3.373380646255996762e-02
8.699692512612812179e-01
8.757199384314956481e-01
6.390586206042352391e-01
3.103666114547562124e-02
1.390271457423219115e+00
2.728009743191536079e-02
3.198701823072926109e-02
9.953884540584108098e-01
3.251950467825379665e+00
2.721071804649788373e-02
2.783955483954370091e-02
3.252197808807222312e-02
2.422615128951434785e-02
2.363436715206052030e-02
3.273981125814545701e-02
6.887989192469136102e-01
3.314439018318005026e-02
2.936820107907756744e-02
2.643340978026087473e-02
6.945661645977023735e-01
3.043646285769192536e-02
1.698657512315300711e+00
2.975024390620145676e-02
6.954700170074026300e-01
3.066731262630820881e-02
1.050361213106717706e+00
2.750532592119941250e-02
1.045743332111436219e+00
7.810292021804079443e-01
2.580951594382853431e-02
2.658606328903307878e-02
7.663767079931608217e-01
3.220933382241890353e-02
3.573844528878301896e-02
3.027942412295607164e-02
3.457197395963111652e-02
2.666531500532506524e-02
8.276231698240403833e-01
3.429178317053926950e-02
1.539938567978862860e+00
9.048768684979238142e-01
6.980573459250235535e-01
7.417985773323767518e-01
5.412724635232851966e+00
4.959163391320879910e+00
2.851306293972921679e-02
3.065192778663349341e-02
6.416287581576538557e-01
3.274997910288339475e-02
4.723894556500809472e+00
3.106047643013267606e-02
3.031357254419638977e-02
2.954864651421366256e-02
2.855068156175472049e-02
2.998811161470088527e-02
1.391283461400762089e+00
1.191632369202106467e+00
3.047912471866221634e-02
2.959408141609583959e-02
1.035958731183773018e+00
6.895528870783828035e-01
2.822880679401918586e-02
7.804364311663664067e-01
7.390440251126082494e-01
3.107515545630958748e-02
2.173321850228501079e-02
6.911144440377474663e-01
2.716892070081610572e-02
3.207800402511891413e-02
2.909682905258725513e-02
8.927772700682937712e-01
5.199329712490700750e+00
2.506470763009395475e-02
2.683153149253171207e-02
2.913133775727839297e-02
1.156857674506704292e+00
3.353456616552435987e-02
2.924764219290252459e-02
2.659019236569895930e-02
2.094096033176921431e-02
8.603910146265676406e-01
2.430842277403695573e-02
8.038182370876849614e-01
2.369253735450520260e-02
2.570760006674283060e-02
6.150073496498505321e+00
7.664243451248279326e-01
2.969156282763960736e-02
2.568540175251486993e-02
3.093797803777839639e-02
7.503483132163459857e-01
2.708917784001959456e-02
3.743493051748790101e+00
9.922166814674171498e-01
2.986649170527761951e-02
3.113425513153485896e-02
3.252793293802479224e-02
2.622884418195086526e-02
2.640480969318279719e-02
1.537476463882042621e+00
3.444113354315978676e-02
3.449105732228258114e-02
3.986398038649044295e+00
2.608199025793191475e-02
2.848634016892578197e-02
3.644721276987910458e-02
2.813811388741178574e-02
2.781395577309928729e-02
7.487622109936332704e-01
8.512629883803126685e-01
3.459914967587071621e-02
4.292495786206268704e+00
2.693108335987471486e-02
3.068072646784945554e-02
6.351104191123724263e-01
3.086406251517470611e-02
3.291819060937931779e-02
2.617408956528039649e-02
3.013770969962081825e-02
3.124945722116191996e-02
1.118969925092129447e+00
1.176132094514581006e+00
1.213859316107681607e+00
3.043895565555548507e-02
3.520569088439515215e-02
1.284308655324869708e+00
3.496000210334311575e-02
3.274505097363495487e+00
8.404204769662670937e-01
2.676100373659362486e-02
7.700287667612523146e-01
3.732138644270104055e-02
2.659179076787087509e-02
3.419549094931313010e-02
2.970406138772931082e-02
2.828958268898576489e-02
3.282308200977393509e-02
1.301835392862483287e+00
2.954033311683532809e-02
3.995204941357375500e-02
3.491655424332579249e-02
8.480427491995501388e-01
3.275631717912769192e-02
3.026204007466149273e-02
8.947393774586300808e-01
8.947666849890291152e-01
5.875148764245297528e+00
2.450441656295068715e-02
3.190731005170553691e-02
7.202863731937807490e-01
2.875879087990924551e-02
7.796097603469327453e-01
6.738195795866516180e-01
2.949224675297922732e-02
3.101070401317285175e-02
3.230743866992306923e-02
3.112146190048971015e-02
2.447355854306620254e-02
8.363646064322241003e-01
3.012589883320493378e-02
3.690137720885153239e-02
2.851197731561191939e-02
1.048103308229392017e+00
2.481419973310777100e-02
2.915601542152918349e-02
8.678753139602299882e-01
4.032680374431848319e-02
2.427473747812095364e-02
3.164428326483741116e-02
2.203398101867212744e-02
2.973124296216465845e-02
2.724313279071079869e-02
2.521334245775393862e-02
8.248353687823857250e-01
3.112042506492406976e-02
1.013160094927728627e+00
3.122004940564474668e-02
9.179058084437278220e-01
3.113625257871790314e-02
3.459032194087717504e-02
3.638720615536079894e-02
1.422274811638509107e+00
3.245485487730506713e-02
2.817532314838801233e-02
3.069071743749767975e-02
2.632343670923957546e-02
3.022021398394053593e-02
4.060766775766638803e-02
7.545453127508627844e-01
6.734407150484558180e-01
6.506167040633088483e-01
2.809414340958533637e-02
3.002890360316542995e-02
8.398453057735177918e-01
2.326410370819840395e-02
3.098258447733492210e-02
3.522799660481175543e+00
3.090483521007409556e-02
1.037220908323370550e+00
3.002741680393991586e-02
3.148443082195815507e-02
2.630614855074755315e-02
3.091931304957373436e-02
3.074582908879792964e-02
3.296405316588391088e-02
7.287209930918107093e-01
9.150216948397202898e-01
7.578600984829033660e-01
2.722549854367978944e-02
3.466739822135071758e-02
2.966282104427165819e-02
1.134089732909441484e+00
8.028388371587884542e-01
2.779793621168308651e-02
3.065707922630036067e-02
2.845036895292425358e-02
2.727884005465782899e-02
2.827202837582339784e-02
3.228193794805508943e-02
3.729509055542169771e-02
8.657060531175135853e-01
7.399341476804954798e-01
6.935341439532101138e-01
8.440678068113520727e-01
2.601511929822332425e-02
6.747216722586462101e-01
8.052068597946784312e-01
2.598838461504678066e-02
3.635415410511899648e-02
9.077110731892327200e-01
3.048571271923802492e-02
2.659408340843094978e-02
2.644930221733598694e-02
2.300163236303912062e-02
1.040158048433173166e+00
3.490502407936092732e-02
2.807501376383326336e-02
4.097687187255734997e+00
3.032498366606409604e-02
1.242689147130083382e+00
3.274255330630863881e-02
7.547067048320237337e-01
3.387384464933073325e+00
2.297040490519552947e+00
7.762714022544463521e-01
8.340337657052212528e-01
2.617282677818730946e-02
2.990687276226162983e-02
3.350535002247902183e-02
3.479972451907275416e-02
2.829846625533779386e-02
8.649533285683443928e-01
9.108029085022542048e-01
3.079467889112639731e-02
1.310405261530857679e+00
6.654717699921823826e-01
4.763329346144081100e+00
3.547186698176624242e-02
1.170532191742656325e+00
1.337699466740945198e+00
3.253172184081656870e-02
4.798890638133407549e+00
3.147606226863187973e-02
7.177557615022402970e-01
9.574442893072341310e-01
1.229860690749444707e+00
2.919746821509770079e-02
2.596255595323564147e-02
8.199851167191793966e-01
2.772108986988673640e-02
2.825271544768635443e-02
2.129724109648535590e-02
7.581040070432654154e-01
3.056892119433296875e-02
3.349448472264479615e-02
2.447104902594862338e-02
2.109053496486537962e-02
7.412401642024839532e-01
1.774056592322478032e+00
3.444448592017649968e+00
2.937933450088487178e-02
2.790008777196131828e-02
3.573392320124417487e-02
3.469003421033441115e-02
7.987249382446077739e-01
3.805668663831034138e-02
1.200863613393209572e+00
1.253402151009295196e+00
3.381921659082252896e-02
7.639660030995587547e-01
2.743107278075523903e-02
9.107386196384781307e-01
2.526936425266411781e-02
2.635931519013214736e-02
2.858714412454603851e-02
8.569081102316635778e-01
3.087748596470391710e-02
3.442089853015317669e-02
9.694005821542084345e-01
3.842944718476297428e-02
2.549895068654481345e-02
7.189259829442707916e-01
2.610844391343239423e-02
5.276010111224909593e+00
2.279999214271363414e-02
1.121761207659617288e+00
3.308727446349271628e-02
8.309960709953601032e-01
7.671521104224010568e-01
1.033471087124942844e+00
2.542559291975053648e-02
1.230225813465970930e+00
6.975987937738562517e-01
2.192012692165893561e+00
8.918540967500330208e-01
2.574028480386325590e-02
8.060145197804224892e-01
7.631824833713313216e-01
6.468205243920746028e-01
7.501482627374358447e-01
3.166201164672417800e-02
2.505514261536603143e-02
3.412926609666708244e-02
8.081155011582623615e-01
2.372189687642216327e-02
1.052599732523280762e+00
8.998846435429235235e-01
7.639149481950455733e-01
1.262645304393715584e+00
2.429255576620973842e-02
3.792798309541258600e-02
8.640417365815200590e-01
2.436660515432249180e-02
2.186834220201670093e-02
2.861277772335899666e-02
2.863449837826911176e-02
2.458660432361753356e-02
2.973211414713919018e-02
2.351289593292134675e-02
3.060382521615084145e-02
2.303847622384870564e-02
2.617216040428807511e-02
8.824063825764432156e-01
2.213835337531092073e-02
3.363222060987068607e-02
1.242024244838114466e+00
2.719639305668148169e-02
9.417020384028778057e-01
3.655616908667574938e-02
3.080031258169549702e+00
9.975377885644141074e-01
1.916274494092835845e-02
6.631567095182795413e-01
7.699738503237418819e-01
2.585849864794066699e-02
2.691539429444445714e-02
2.635442181413610169e-02
6.262220111958177959e+00
2.875412274261304746e-02
2.804489027113921812e-02
3.481610050141697998e-02
4.104638235383828437e-02
1.077211229651145796e+00
2.544088736688479221e-02
1.212348910655936862e+00
7.183200987951694483e-01
2.930838291999855738e-02
3.390133891816285439e-02
7.119520634433460504e-01
3.122951108258520056e-02
4.209348340465017380e+00
1.152824071516364901e+00
2.740688304510480872e-02
2.861527958405294877e-02
3.234020588231775739e-02
9.835545728497752105e-01
2.562510404204206699e-02
3.837177481630269643e-02
8.384106899107575117e-01
2.771459181788085702e-02
2.769921202520808992e-02
2.842864291141347990e-02
2.422958070393405744e-02
6.720078439675900128e+00
2.941614194713332991e-02
1.116890265711816266e+00
5.293123803596140320e+00
1.271093180873048345e+00
1.839211851622744032e+00
9.685041273577340570e-01
3.135966710764020310e-02
3.487037333432262826e-02
2.455108274146938427e-02
2.660926762188629835e-02
6.477065723205516434e+00
1.144113008328596415e+00
2.487478058871878464e-02
9.945569455763945133e-01
2.555235839112627097e-02
1.120321295085022983e+00
2.807324817679583695e-02
7.670013276120031254e-01
2.830718612150160546e-02
2.601113936257715489e-02
2.948946822978877613e-02
8.108955415312087966e-01
8.180209820902664131e-01
2.860445644057672820e-02
2.977643185086636946e-02
1.444231590466861004e+00
9.499656091083708009e-01
2.068485621737069236e-02
1.003134175232462955e+00
9.112734478551167694e-01
2.701798100060931809e-02
7.706044763984538637e-01
2.459568715726267660e-02
3.240726981220941327e-02
1.202057685892794492e+00
7.870878602347453068e-01
1.502187583593384446e+00
6.716113163653565366e-01
1.147227686008031267e+00
8.751768318958746962e-01
3.116407167740389839e-02
4.252815449811071957e+00
2.703194757659276720e-02
1.325203022003887510e+00
7.100797731785484235e-01
7.980923049995961582e-01
3.208009012629724210e-02
1.002745649740830469e+00
8.191646922365047878e-01
1.015390656257697088e+00
3.495577243862751926e-02
5.521108544234651916e+00
2.701798541035290921e-02
1.768463066799756511e+00
1.275660175626629922e+00
3.187163273551017750e-02
4.418030745904599321e+00
3.161711393958743094e-02
2.339007240791663236e-02
8.864079014859945760e-01
2.513343653447640769e+00
2.793641440579499105e-02
1.301785383429089560e+00
8.370266533515342555e-01
2.052654973374740122e-02
3.129209342640926206e-02
2.887229129512672993e-02
8.489910177852002526e-01
2.994828832855423936e-02
3.001955461919389445e-02
2.773620709095924591e-02
1.987475855074594816e-02
2.508884036650469232e-02
9.915182544998445424e-01
2.859255990364349687e-02
1.140859132948443433e+00
7.506070383429732651e-01
9.042704344498937452e-01
3.111752003585407586e-02
2.634752274241866296e-02
9.951084493354989124e-01
2.789476360666921090e-02
1.099858171336248303e+00
7.928991110856780100e-01
2.136182610168649645e-02
2.639908180600521875e-02
2.512493212880334559e-02
2.543026135810365698e-02
2.841724050944539892e-02
1.852578884000071618e-02
6.499759411087792316e+00
9.259868438018687975e-01
2.577337881279147258e-02
2.809811615412325866e-02
7.099593813105564699e-01
9.015252858395667035e-01
8.257615906071331668e-01
2.713553220601314098e-02
2.508821958451436934e-02
2.377192223087469525e-02
3.640266191620683545e-02
3.139154807307889539e-02
2.564328219023614269e-02
2.555542569598797178e-02
7.488301543434042529e+00
1.208489040915961876e+00
8.286379362998628206e-01
2.348752358141379531e-02
2.925193202141260912e-02
2.644268921506605710e-02
7.956735378868780018e-01
1.091461202139413444e+00
3.097319868390803477e-02
2.699836185278879294e-02
2.238911801500687720e-02
2.643148775981364260e-02
1.704132841212316896e+00
9.394755436564262707e-01
8.437363078711652697e-01
1.076809218139726410e+00
2.463573709516002005e-02
2.324483781154262907e-02
8.730812938019520963e-01
2.565754828580540242e-02
1.147870403173551823e+00
3.011311121952272435e-02
9.673419937377678579e-01
2.593049074382718089e-02
6.352046382273887071e-01
3.328592494745777342e-02
7.842967647062694114e-01
2.566735322775099901e-02
3.116753159094923231e-02
3.283945045686768871e-02
4.714633828442922336e+00
8.989463243791329106e-01
3.348556971578771357e-02
8.831124544618023098e-01
3.180015755565379187e+00
2.782644993478804174e-02
3.231490988325622093e-02
3.835871885659868086e-02
7.197635079948865311e-01
7.569862273744589753e-01
8.080337989025945244e-01
2.791096820305244072e-02
2.857499131397813960e-02
8.090875209942689494e-01
3.809566458804331646e+00
3.401721931369587615e-02
1.772955451438217533e+00
1.705266998721477467e+00
7.840827785354744783e-01
2.659437014277801076e-02
3.535288854789611634e-02
2.550847951350412868e-02
7.752019615716941869e-01
3.103957602482549163e-02
2.971625176481812458e-02
3.007000236227334172e-02
4.914803926984811611e+00
2.408723970963885450e-02
9.381136398311783475e-01
7.803069013258489006e-01
7.374008646802289180e-01
2.315095910914598612e-02
7.097262869388479833e-01
2.706142532480380197e-02
3.209026640882252368e-02
2.589896485631681955e-02
3.072085716066494387e-02
9.130009611606171305e-01
3.819874085362073846e-02
1.126490031495110067e+00
8.034559434695903724e-01
2.889483943900142404e-02
1.053870832796601764e+00
7.937251778390185253e-01
1.150760685610171974e+00
2.253991717360780134e-02
1.060370137737799201e+00
2.499854003605687242e-02
5.179725270468259701e+00
1.454067388763667923e+00
2.401124520583418354e-02
6.364187008269910351e-01
3.674952449301455149e-02
5.951031686133832821e+00
8.509474182610115012e-01
2.805561533109349193e-02
2.897582672118361596e-02
9.851724515784094915e-01
8.435409152876458538e-01
3.143751526586564815e-02
2.889514097778467239e-02
2.750601931996221258e-02
2.718659412074996701e-02
2.977210205788780040e-02
8.892517604306542367e-01
8.619052847056997146e-01
1.196271510742279887e+00
1.486738602523540731e+00
9.337932627476638325e-01
9.804512764223599630e-01
2.402021888692449855e-02
2.844719482645590922e-02
2.349566884050315399e-02
7.248361348365325307e-01
8.706390458424504430e-01
7.209581703573010314e-01
7.914780624119452934e-01
7.650909809523712690e-01
2.969027130538562376e-02
8.079995575301730515e-01
2.312219500925968840e-02
1.043584068594064496e+00
2.946644305068168296e-02
2.368325647060476324e-02
3.480380501097522838e+00
2.398337588418347766e-02
7.493594455192080783e-01
2.485234664417907899e-02
2.463977737753667713e-02
6.754360021380010348e-01
8.161171730107963374e-01
8.663417791457399542e-01
2.274917121997706987e-02
2.966454417207127145e-02
2.290113832666584165e-02
1.177064697912914237e+00
4.562396618920397273e+00
3.642341076079050888e-01
2.080950617089024138e-02
9.599583175517668598e-01
3.026332736294776171e-02
7.447862002801797221e-01
2.154069425600428286e-02
3.849874139424338093e+00
2.623836436859841581e-02
4.691335942025784078e+00
2.449914846603350529e-02
2.671288040713126061e-02
2.743772044176788147e-02
9.670097378668141008e-01
3.110115154006902818e-02
2.571806091776126027e-02
2.797967528782572752e-02
7.747924476811141048e-01
2.630925937458932634e-02
2.594284792897200154e-02
3.432672199797344448e-02
1.116888484448840035e+00
2.492972547112807039e-02
2.350064038373711126e-02
8.415242350914555747e-01
7.883318554467015904e-01
2.664834391891212489e-02
8.151525647143850195e-01
1.128535931575539886e+00
4.782414443617232891e+00
1.011582478277080810e+00
2.087279582975826164e-02
2.613319003578215213e-02
2.440392439287109028e-02
2.069712724174450208e-02
9.990630061521730276e-01
4.393135792436510201e+00
3.701241123297350555e+00
1.715899101127457582e+00
1.129059951418579733e+00
5.812352663944945874e+00
3.158578722842833586e-02
9.144988394449187208e-01
1.238553285379215385e+00
2.719128830301630051e-02
8.856508313530581100e-01
3.340880832495251446e-02
2.477329962194187857e-02
2.269342315176056321e-02
2.616178961622502019e-02
8.127457840139038492e-01
7.347202050749217506e-01
3.856537438874357848e-02
9.243646159749463465e-01
2.039709399405197077e-02
5.513110728183463927e+00
2.766780791508653345e-02
2.971914609657192938e-02
1.892504034552174030e-02
9.197344119124823969e-01
1.880418460449317486e+00
2.745828048614908090e-02
3.205618205795719711e-02
1.059657561591367703e+00
8.278921653710635820e-01
1.412713661989514424e+00
2.043838747046683224e+00
5.990429499425691695e+00
8.262742102428517477e-01
2.653191602594030460e-02
2.522584056291544974e-02
4.617946373922734438e+00
2.757482918643514719e-02
8.157480659504066089e-01
2.444515468744717229e-02
2.965393644574229257e-02
3.235790436078549159e-02
2.900724284006853115e-02
4.057187188540783751e+00
7.508567935743555299e-01
2.790017041130228581e-02
6.045700417629675805e+00
2.733378002417825858e-02
2.688328815106737907e-02
1.347141507470306143e+00
3.658512067277740892e-02
6.833400861058223086e-01
7.631280300521803284e-01
6.175161034362577794e+00
3.148631350626088232e-02
7.806469720813618007e-01
7.107091061326311632e-01
3.167219910011839085e-02
1.375460107641987673e+00
1.304278106680701654e+00
1.260010303214482708e+00
8.035713007984521816e-01
7.079488036163946729e-01
9.929802425604248306e-01
2.928730613399750313e-02
2.184462573729760784e-02
2.323551009238291470e-02
2.824953901041749732e-02
2.597887853207645481e+00
7.590845190235733231e-01
2.268694121585973500e-02
1.051666647114459341e+00
8.898657184864366965e-01
1.165939277676880881e+00
8.835604970131492042e-01
4.973857500164015732e+00
7.336410995952937775e-01
2.937056231764465300e-02
3.185209817561772405e-02
3.583802383546622838e+00
8.302903875507509079e-01
2.117893629832244204e-02
2.757665321340455750e-02
2.228345262309671879e-02
2.519159243327789149e-02
1.173306679446351808e+00
7.242883555161252485e-01
1.252130791173360569e+00
8.323532131995909911e-01
1.258918141165421112e+00
7.503020697622414525e-01
2.663836442664480053e-02
2.739622082541053050e-02
1.016457617393835999e+00
7.966838407784129217e-01
7.483336129195695685e-01
7.482214967305713671e-01
7.342977138890789401e-01
2.472658020113110977e-02
8.345960566603219943e-01
2.742945661770773702e-02
2.314326422147183066e-02
2.724732094680740180e-02
2.352164104929862359e-02
3.256860871179997896e-02
3.095221502162307653e-02
7.935873308012100225e-01
2.423868676165651104e-02
5.330436539416535169e+00
7.930817376268380903e-01
6.437866077103879814e-01
1.105675429395852394e+00
2.302898075896379904e-02
2.233080358533390264e-02
2.695779156744441615e-02
1.294324757854819374e+00
2.712742694728756052e-02
1.359023740645181721e+00
9.559215246758319129e-01
2.773922647015253373e-02
7.632081323409185547e-01
7.965245653314037000e-01
2.267673860593005450e-02
2.702852240836841474e-02
1.383740115698950168e+00
8.082122695091347175e-01
3.001056715427491070e-02
1.142837026672095968e+00
8.727226315421233727e-01
2.789906466959404807e-02
9.346385188794752441e-01
3.302258277096502270e-02
2.347063666043234381e-02
9.690071464119185407e-01
2.297718355521434844e-02
1.159629317945548799e+00
2.799020302412744132e-02
1.078416276388537653e+00
4.347833527487984795e-02
2.500195619374244102e-02
7.285828435930603586e-01
3.219119716584571689e-02
3.202362505888142752e-02
2.641027605946848211e-02
2.511127778120860604e-02
2.196049537512078861e-02
2.779890445346767242e-02
2.472352735217376099e-02
9.980662151735860688e-01
3.138666849279249382e-02
2.743462481890276278e-02
1.589920630393042877e+00
8.058793213966402025e-01
3.041714624296740915e-02
3.044949061956915559e-02
2.441138805440360576e-02
5.901127650289707205e+00
9.362621743933088325e-01
2.601932114275681135e-02
1.003043753299816210e+00
1.988595665695405690e-02
1.930509017465194960e-02
7.389035455575008182e-01
3.190987542291799262e+00
6.998467886896893031e-01
1.689078584509811493e-02
5.593236069453363157e+00
2.494147820930660286e-02
1.320532383741774840e+00
8.169791530757142262e-01
2.884609007720012608e-02
9.452674796152238379e-01
8.247067526674927151e-01
5.529609818823010059e+00
1.137055477510306334e+00
3.113643517512652142e-02
6.945198595226180771e-01
1.159444122066840333e+00
8.522265003002371664e-01
8.044914556833698827e-01
6.140026839818146343e+00
2.959213929452035249e-02
2.315949270319567904e-02
7.644709432669346549e-01
1.127323916433943474e+00
2.325885826905957354e-02
2.425315424806111578e-02
1.109677620152690558e+00
3.006070987504639441e-02
2.453988757730457201e-02
2.733251918957763441e-02
1.061985526064442409e+00
9.980662080989023410e-01
9.293748824238767803e-01
1.401459071871826056e+00
8.539079288565947223e-01
4.293230545694997957e+00
7.934321627654812303e-01
2.553923649841774335e+00
3.264290591352496385e-02
2.783461621497268848e-02
2.581706497019483140e-02
2.644811241392997642e-02
7.143919576655866077e-01
2.860239382769924274e-02
9.243731404147319530e-01
3.108756624838110438e-02
2.696230844529784107e-02
2.125308972200230101e-02
2.264027068986346897e-02
2.855409873364271947e-02
2.541531033529487865e-02
2.504988071520745929e-02
2.665355305080059634e-02
9.188899460205492975e-01
2.537313083002692288e-02
9.119210909010662114e-01
2.621211763274003750e-02
1.115784831549693212e+00
2.553927216734060146e-02
2.760923010132866617e-02
6.369812995934764910e-01
1.376084825985288251e+00
2.708004423103542099e-02
2.474835789847125433e-02
1.111405263813963096e+00
2.927870422547085988e-02
1.248552559028280218e+00
2.612936087121189854e-02
9.116977341314479455e-01
2.746276053339376938e-02
7.296195371615112890e-01
7.924215959396365694e-01
8.915368502567864173e-01
7.529096711568361577e-01
1.893159321887333046e+00
7.861779857428889962e-01
6.064064893968019732e+00
2.779680766429653768e-02
1.251790838584784238e+00
9.735462437102633260e-01
3.209627781738453450e-02
2.916995399284346036e+00
7.103633467285032088e-01
1.021996869990522860e+00
2.619019093280400279e-02
7.672298369359182857e-01
2.344819134203673938e-02
3.330018381321197402e-02
1.377933753698453501e+00
3.122962105191295912e-02
2.524903921102805010e-02
2.443036910447339907e-02
3.058003599541492951e-02
2.352370900091401221e-02
2.563759045833827882e-02
2.879384481619888525e-02
2.024040320071761670e-02
2.235544220644104102e-02
1.460896653759251373e+00
1.026991257333475405e+00
3.128857287489337363e-02
1.014440586471514472e+00
1.151383949785111049e+00
2.925900226074609062e-02
2.760580078951923449e-02
1.154709902969383251e+00
2.678312610649514341e-02
3.308685434666286396e-02
7.378063710579301215e-01
2.571969705870660178e-02
2.398498976885490158e-02
2.544890654657397389e-02
7.316552367543421864e-01
9.673616186251735583e-01
7.393892031771083229e-01
2.779329611772722586e-02
2.779409112466190573e-02
7.762611939715314824e-01
5.418911187740007129e+00
2.437650214205031723e-02
7.843253158654505119e-01
2.786365783056854797e-02
3.036775790007868459e+00
3.102653217281988243e-02
7.470761807592118942e-01
2.361778774389134902e-02
2.988211570546485743e-02
4.712129928772426979e+00
3.363996211731523633e-02
6.420786939961956818e+00
2.080260440075153150e-02
3.330832390154832012e+00
3.310138689938000450e-02
2.522947428553880267e-02
3.143456301341652354e-02
3.034059630827413284e-02
7.151933637051923753e-01
7.795948990736227824e-01
2.269514179989015612e-02
2.265591846215891936e-02
2.030884131133760262e-02
2.874292017401465504e-02
2.394581337172186838e-02
