2.804020266969883268e-01
1.690560993077776068e-03
2.063276007364833742e-03
2.233124948199135401e-02
1.637583708287794482e-03
4.949612928629789493e-02
1.426325884422503104e-03
4.094638157162686781e-03
1.484489190445526241e-01
2.969861046787765357e-03
6.239361949457439271e-01
3.026178490108277219e-01
2.212673209845682568e-03
2.648019375300391179e-03
3.475854609475832052e-02
4.402683082876224230e-03
1.525899439127582219e-03
1.417210587919386588e+00
1.526636438140372559e-03
9.581337979743436151e-01
5.590801403219612664e-02
1.202005075994804439e+00
4.489742828888067250e-03
4.078462474656329578e-04
2.991136342227656078e-04
5.860108081825880083e-02
1.549061126611170347e-03
5.760820170997271294e-04
8.614887479674896917e-04
3.849904496147513178e-03
8.116529844753696613e-04
3.951797682649740504e-04
4.481031430657692353e-04
1.137294767854141853e+00
7.188296566065389276e-04
1.215790263848138375e+00
2.968194277495850852e-01
1.209856404746136385e-03
3.885011355955873564e-04
6.955206023010408467e-01
3.666140414650893506e-03
1.005131839623082834e+00
6.857400642116687761e-01
2.493178496028680344e-03
1.691359041407939495e-03
2.252645672574739993e-03
1.087755237124090474e-03
1.156456915336301572e+00
2.671270174588779092e-04
5.093528232937039393e-03
1.019647828021625235e+00
1.053557373701145927e+01
4.138530422190585950e-03
8.412632269863817847e-01
1.038554075682318789e+01
1.326194319452897452e-03
2.032713110278869598e-03
4.283640387452477410e-02
9.604035821937191297e-01
4.381239580119832694e-03
6.242317395997037943e-04
2.263697516877501148e-03
2.692206614706312701e-03
6.950840169417313308e-02
1.009157013078146314e-03
1.678565651133411274e-01
2.138161860646060897e-03
6.868536325538365794e-02
4.999493245247095888e-04
1.565062178140361748e-01
2.143214477922362332e-03
3.441298781124350718e-03
1.210641832968598324e-04
3.452244516886079440e-04
1.266103909878057987e+00
3.677839095523660617e-03
1.048048471733470854e-03
7.083021490992907031e-04
1.267716001759435808e-03
1.017558460559599143e-03
1.013383528217979723e+00
1.698040030545609064e-03
2.545653016938586796e-02
6.036482616788072519e-01
7.894014784886774772e-01
1.802624872284082636e-01
1.300483064183582125e-03
2.225439710882865657e-03
2.571209162447595387e-03
1.823210769691581759e-03
2.080408309261196464e+00
3.055967105731174395e-03
1.492472838815246325e-03
4.784218400699289525e-03
3.652889882410843489e-03
5.145679045105657282e-03
1.710865982651486039e+00
1.072824994585005687e+00
1.721816612123135094e-03
1.761016632720397573e-03
1.431558722767050318e+00
6.189817378382814761e-01
7.847573355842922538e-02
1.018707942920061699e-01
2.975402724014683531e-04
5.856397809188967083e-04
2.281436688841195423e-03
6.291214815029994023e-02
5.834331642544602486e-04
1.357491133681434814e+00
1.068099324849667436e-01
2.144453378209609188e-03
1.322236969717449639e-04
4.487251036982426930e-03
5.062450264806508775e-03
7.828444722943940226e-01
3.746328049237700880e-02
1.015720486980149495e+00
1.706988237646710031e-03
1.942853522485469414e-03
6.013952885922867198e-02
3.883459702771009603e+00
6.772674725589143685e-02
2.874888659997884011e-01
2.081637599650409953e-03
3.757165403258983308e-03
4.375630658934955619e+00
6.220899576978002748e-02
3.859264947611365515e-04
4.801268616904002390e-02
1.473517925169339285e-03
4.768634625628783048e-04
5.922318373335792169e-02
2.235051210858499116e-03
1.687321773074386931e-04
8.073161549603889708e-02
9.349163502456675837e-04
9.923011945451615246e-02
3.982506833887170666e-02
2.023991525767054322e-01
3.223388410480004795e-04
5.682783300755076539e-01
1.659966011526994301e-01
1.691425986592646862e-03
3.501000529660211469e-02
6.554575306859846545e-04
7.097323948185888746e-04
1.782789224092735589e-03
1.300887808384561251e-03
4.764731178437698342e-04
2.250208968894805039e+00
1.827231560207247252e-03
4.406033352162898320e-02
7.772941274501307327e-04
2.017206147474061295e-03
8.109151819102098369e-01
1.514462537267802352e-03
3.372983074422511961e-03
2.929701928474520191e-04
2.237875090096129622e-03
1.233132283905871596e+00
2.400215143444719423e+00
1.053316998883951783e+01
1.747578499520434647e-01
7.492619521101563651e-02
2.363870628104195945e-03
3.634528746962258257e-03
3.521919458306472725e-04
1.594500126140185750e-03
5.669100182483567674e-02
2.153751146193530128e-03
5.600968636348627877e-04
6.751461701491306283e-04
1.436916071081164280e-04
1.087812935863403333e-03
3.501842108356714028e-02
5.547508172771033197e-04
7.080782077880588554e-01
1.467606213290043385e-03
4.126297945111722515e-02
6.719188870329927121e-02
1.474085945943465464e-04
3.788098715753061146e-03
1.057497980551492311e+01
2.381501154010333410e-02
1.069164764852793825e-01
3.114031747153149787e-01
2.789646203687239610e-03
1.339543809434681071e-03
2.954325289406908861e-03
3.002026105492985181e-02
1.320805145509536260e-04
1.175608965551343602e-03
1.548207369224597740e-03
1.276006784750951389e-03
4.039033701550404608e-04
5.369902390839949996e-04
2.345610117089799371e-03
7.337256421134949469e-02
6.743678383480449998e-04
3.281163914510887292e-02
3.032067166229852201e-03
2.542620870209681000e-03
1.483119605837290855e+00
1.585791987511181791e-03
2.653052854271437805e-03
5.464957139926191615e-03
2.385141828590940996e-03
1.310652498273497807e-03
1.538835140316462992e-03
1.038330338346904691e+00
2.755657059998178199e-04
1.009646168888769324e+01
1.025856007432898664e+01
1.053146511781224634e-03
1.176189377493419563e-03
5.270288050607836207e-03
3.941927084209964974e-03
1.836487908469111065e-03
1.090736283049388751e-03
5.318178409349817726e-04
6.896755870599464988e-04
9.491746801784477494e-01
2.231339943819847516e-03
5.242240612216295115e-02
8.461960446057721630e-02
1.581725462949220840e-01
1.992144534060934502e+00
3.600594010947344437e-02
8.461386745990467310e-04
4.848992245699107473e-01
1.912655563923229829e-01
5.834255826562623204e-02
5.793826426940141411e-04
3.226941455353193183e-03
9.003965359236060229e-03
1.622893440481483138e-03
8.034448656030013323e-04
2.340626123537031898e-03
3.963828454838480564e-02
4.589157079892388635e-01
2.695206890274547407e-01
6.342672760325614688e-03
3.138294282189910134e-03
1.909318567931087701e-03
2.309224140207188913e-02
9.757411882361862084e-04
5.728194955261700291e-04
3.452219048251039743e-03
8.879273627074222297e-01
9.868974828723996520e-04
1.099367727541296880e+01
3.670784149102276385e-03
2.538537151034575903e-03
2.112593936522640103e-03
4.032129509106027049e-03
5.381898997745765759e-04
2.041812044812588156e-01
5.322085993031733936e-03
2.542786136946662445e+00
5.925166187041974730e-03
1.703607928671462490e+00
3.860162508237742485e-02
4.726228974634504032e-03
1.860086518205909985e-03
1.022689600367518090e-03
4.748699594871363255e-02
8.625667959905117255e-04
4.184061689518815685e-02
1.316461846397998237e-03
9.450923018950576626e-01
1.636612761756084389e-03
7.116256725179957374e-04
1.295202883136090805e-03
9.287419410543147347e-01
3.997981403096376868e-03
5.225043797915818189e-02
5.367448689983651128e-02
1.376311220606414067e-03
5.260671339124291766e-04
1.169286794805112634e-03
1.040063500573108701e+00
1.326573589067294671e-03
2.611118940206583541e-04
1.620403103839875361e-03
2.149011891520022886e-03
1.684196291853142131e-03
7.302709848953972682e-02
2.320393530792438670e-04
1.495638767507096595e-03
1.656620824867550273e-03
2.550724058103033542e-03
1.118377500736936550e-03
2.990488177716283183e-02
8.928943516819977388e-04
1.490647467230698034e-03
1.248190885170348628e-03
5.236326930962067333e-03
3.448409598734091808e-01
1.084387655507851583e-03
7.979944002949301840e-02
2.239866665668100776e+00
1.610268072338629647e-03
1.133933731517087302e-03
9.586507839602084746e-02
2.169050524682837600e-03
3.399297112934626663e-02
6.430648791572197293e-04
2.371623188675110044e-03
1.822253243065431738e-03
4.663510601083213636e-04
5.549392779372573636e-04
2.472614191893038500e-03
1.702225433434730734e-03
3.469865910018344463e-03
8.747961249691849073e-04
5.796951017719674526e-04
4.448429350180992115e-03
9.984398328060059669e+00
1.475704381683574928e-03
2.550014529424294851e-01
9.649545065752195283e-01
6.376189036576559999e-02
3.957189581884799304e-04
1.992973663433980080e+00
4.924795986030648881e-04
1.622306215223225379e-01
2.362946459204575689e-01
9.635730503327593510e+00
3.258792155856965727e-03
1.145548117667603449e+00
2.996125359168552021e-02
8.644037864925792347e-02
1.532829605440893909e-03
1.484822508280320835e-04
2.663145182490956817e-04
1.320500006364033058e-03
3.043150052172791803e-04
6.916021275369830731e-04
8.818691497455462269e-04
5.403903470563679867e-04
6.501678925736203984e-01
8.211543848555281347e-04
1.022456231493354961e+00
1.078638481923919062e-01
3.289049934022850868e-02
1.285303808867937381e+00
1.057607399255812552e+01
9.512255856770563955e-01
1.024163340027886733e-03
1.027112736294350306e-03
3.777216651786644702e-02
7.317639478847132173e-02
4.698569127351930313e-04
5.961103739275238830e-04
6.438646957449802866e-01
2.425446145580519366e-03
4.221321698304047066e-04
1.099852127679918912e+00
1.510534559476859773e+00
1.888392318080433542e-04
1.316083315748606819e-01
4.315618755623861630e-02
2.424232664072589576e-04
2.111520165712834490e-03
1.046181932331485265e-01
1.042216291204494868e-03
4.909162775568586684e-02
2.035761576295505929e-02
6.575648558147469992e-04
1.661304433536678511e-03
7.620701973768935489e-02
1.234556843407964496e-03
8.565455105139449521e-02
3.566943287763772036e-02
2.770130802555168578e-04
2.492076143455176744e-03
7.508513452309422201e-04
5.521956278410428132e-03
1.572171427394028598e+00
1.570250473453100974e-03
8.795499590831680047e-04
5.301404511925172838e-04
6.831186075137964109e-02
7.071801204802991014e-02
1.962038427431425924e-01
3.152011548912642125e-01
2.214344430700736395e-03
3.074614071078245026e+00
8.464782938240149324e-05
4.487491095967132138e-01
2.974401216268253087e-04
8.361082937470582649e-04
3.565801041097346191e-01
3.073892610643809767e-04
1.818080209756706492e-03
1.490547650279295741e-03
1.021534722858191246e+00
1.001131420577829889e+00
4.576996380311896401e-03
1.014748540321460529e-03
7.102306389852204305e-01
1.368251385140038801e-03
2.716944504660052245e-03
3.584121319386646479e-04
2.101725008047687984e-03
8.879991376239413162e-04
8.001587899685372318e-04
1.214475927076130057e+00
2.755327191353981395e-04
2.013051618261054842e-03
4.389307591740445602e+00
2.022399387824250390e-03
9.105782103514762499e-04
1.432322672927035523e+00
4.186830000085320913e-01
1.332175057525291084e+00
7.157519334732758212e-04
9.593579217449313967e-01
2.018867246397337556e-01
1.036910620259120369e-03
3.626045734751774663e-03
1.585102922002585082e-03
2.500875149874111011e-02
2.585903376436625434e-04
3.813357254919555808e-03
5.537953449503794923e-02
7.160408155706046718e-02
1.294663036472386564e+00
2.293705947833431583e-03
9.888784465936391321e-04
2.963876702613432550e-03
1.561220960797029926e-03
1.308281886269293745e-03
1.148932972246382439e-03
7.354660994833006615e-04
4.561927092556581492e-02
1.220990789105645333e-03
1.125154767386775667e+00
5.958060654848226084e-02
1.031959693055709872e-03
1.967366321477351590e-03
1.814876595138971947e-04
3.340443845499582037e-04
1.055393312153359187e+00
1.122323431848405839e+01
4.348024651552406458e-03
5.459777922204806302e-04
2.465221207214627480e-03
5.098000546290056695e-04
2.620054416109400541e-03
9.325088420282449941e-02
9.867295318784110973e-05
4.634914334091498611e-02
2.500043986298633447e-04
1.564286931450584062e+00
4.070950027194435161e-02
3.828330435110999762e-03
9.232492627826648368e-01
1.154676602144825426e-01
8.464339961089715203e-01
9.850650906242930382e-05
5.705420518652765810e-03
8.403391023480144550e-04
1.589317368406398083e-03
2.420390040948907154e-03
1.724766448955495149e-03
7.914774363392243668e-04
2.040895596377462640e-04
4.393922216388700119e-03
2.156814546129572074e-03
9.355500749354643542e-04
9.863220765285072744e+00
8.565008375808198793e-02
3.696831516880766735e-03
1.467872833056666024e-03
1.237655528303093916e-01
2.660163690773841016e-03
2.858630714334064148e-04
1.979192809935998755e-03
1.212230402341323357e-03
5.742384166461381723e-01
6.477107060489831203e-02
2.287557923096943460e-03
1.402532893880735444e-03
3.037586416513296181e-04
1.278548061150479656e-03
8.553384729859975222e-03
2.565744831292357010e-03
1.240538931011107460e+00
3.920195474619082854e-02
4.836400669521821044e-04
1.201384663787965906e-01
6.238183574141402399e-02
8.985035077213713878e-04
2.646602181341845689e-03
1.057968607442869802e+00
1.108533659125403581e+00
1.274087894384767772e-03
1.368072228224472865e-03
1.405502778992246682e-01
3.969825977957847779e-02
1.447219336686996094e+00
4.717049067814813729e-04
6.875866814133846372e-02
3.154502793046402853e-03
1.345633115803113178e-01
1.255728656176906100e+00
1.418524476868079365e+00
1.004248880586752657e+00
2.808065029408605973e-02
1.436538388853913703e-04
3.933886361615247101e-02
2.170625048373980848e-04
4.492135672264935958e-04
1.132351782566825449e+00
2.034729282421079023e-03
8.087059409891579620e-04
9.544967127979406708e-04
1.097342025081764205e-03
3.183154025779332333e-04
9.129472805120206202e-04
6.712026682197426430e-04
1.324356013511861392e-03
3.741315734241526525e-02
9.402978011061897956e-02
4.132859152333862550e-04
1.054394710623750703e-01
2.370780510862764701e-03
2.502873939705468898e-01
1.150956756158272171e-01
2.437415969795946741e-04
2.844943556029972884e-04
5.022498508424862781e-04
4.269789401935448754e-04
1.022898801504515485e-03
1.922122801004549214e-03
9.083479039170925390e-04
2.103706907424016462e-03
1.501250240364713031e-04
5.104453612548277841e-03
8.337698745461011307e-02
2.981171804183169183e-03
8.286198602469310379e-04
2.360694292610561636e-03
4.605694285616353939e-03
2.836418784546926308e-02
1.775767007610836584e-03
3.044024019897254192e-04
6.348268863961493069e-04
1.088204647919734959e-03
9.532621611872188136e-04
4.367782486087816440e-03
7.048822673184676479e-02
1.818185088821892281e-01
1.209483121670177352e+00
3.596869055816480365e-02
1.548218212752875189e+00
1.192983943748924469e+00
1.059770549902133187e-03
8.144595000647272265e-01
6.561035719324617155e-01
2.931566905851160088e-02
8.306207864321853984e-01
2.948312820724052208e-01
5.803834378636857014e-04
1.105340971392563404e-03
3.591913824442984071e-02
6.197384388492165330e-01
5.180797610150936205e-02
2.813142771259328351e-03
3.925153710537983287e-04
2.530946762286782198e-02
5.581990679822228241e-04
6.317410637037015886e-03
1.369870074028770035e-01
4.317890578715609384e-02
3.062524149185052828e-04
7.716123658680282271e-02
2.014043923606789743e-02
7.897117646120162954e-04
2.176312538800627069e-03
2.412157884407591709e-03
9.078282171495846598e+00
1.073863313519518928e-03
7.245179538252996543e-02
7.860716610885911532e-04
1.347542291988189367e-01
5.874122783042857315e-02
3.042322986313617666e-03
5.766866615918296232e-03
5.907671232186547522e-04
3.381758275426799106e-04
1.223370830968959044e+00
1.108945914441999969e+00
5.209358715614889265e-04
5.151658890851129775e-05
1.016951177966458841e+00
3.017229773133734971e-01
1.930656234725969776e-04
7.685788879354860104e-01
9.972437669180327091e-02
1.143734576135379622e-03
1.111672073733123087e-03
1.595301243006072220e-03
2.605835118602545242e-03
9.694752038997705729e-04
8.610328762011405790e-04
2.761901436890389083e-04
3.692330951208452894e-04
1.043111947718768908e-03
9.520660234943814637e-04
6.019099191211215241e-04
2.355292717566612876e-02
4.562948364438287885e-02
2.910774908255909121e+00
2.637474972120391892e-03
8.383999171665511285e-04
8.386829632430539694e-02
1.013771454265433469e+01
4.737100586043024170e-03
2.991134706703966639e+00
5.271053704516085597e-04
2.574703512640673653e-01
1.418618762406330955e-03
8.204740734987919781e-01
3.465878671243533340e-03
1.489176306896349722e+00
5.974621037894327705e-04
9.656273623999862554e-01
6.346819877691084813e-04
3.856675123511554837e-02
2.643892154880738560e-04
1.869652879162475800e+00
8.070793841855709860e-04
6.300253170788486234e-03
3.328096861052469435e-02
4.599587099102008664e-02
9.130879095501344134e-01
1.367533215991889942e-03
2.750123079094788370e-01
7.294636859015043995e-02
9.926815358296181557e-02
8.607253364767740791e-04
1.043390409674871933e+01
7.177374633203130808e-04
1.919917601453068057e-03
7.875853067814342356e-02
7.280698892688763912e-02
6.665784494427960671e-02
3.046896655392608566e-03
2.069443834544612559e-01
6.006742391784871717e-04
1.192873147103147916e-03
6.081733234685080675e-02
9.253965144870159865e-01
1.429623377051684671e-03
1.538965737426152905e-03
2.997007540637435311e-03
2.916822035201306618e-03
1.620315642612543683e-03
2.775789592754023677e-03
1.649796523628277098e-02
1.946401866870683256e-03
4.441205151546048432e-05
1.068219680492634056e-03
6.390011342544524298e-02
2.049227919984859814e-03
2.987008733945825778e+00
3.056296592484537139e-03
6.328105289358263441e-01
1.406542531905459340e-04
1.806617099190993336e+00
7.069793579106359652e-04
4.800097403045153199e-02
6.534028783566406262e-02
3.879981136197087691e-03
1.211097185318857003e-03
7.992013464978214854e-02
1.615240703030276781e-03
1.352050406386884687e-03
8.784592604672695516e-04
4.191087197845042023e-04
8.022547734117568483e-03
7.283954550426033903e-01
2.862885017337400521e-04
3.888341847249094041e+00
3.554381828188593606e-02
4.213499713412827141e-02
6.282373122260732912e-02
2.133044239854728907e+00
2.048996052463010198e-01
5.106640667729769878e-04
1.050023392414800930e-03
1.447308483684971447e-01
2.138027748351390648e-03
2.207441455390157792e-01
1.713998937530386221e-03
5.157224103522501518e-04
3.108679671794595256e-03
5.850523384865920218e-04
2.761290894025617004e-03
3.642287374644970654e+00
1.077797091502500848e+01
3.134225203315780910e-03
8.688245374988638053e-04
1.552882479384949166e+00
1.725120400824536049e-01
6.518501405933197976e-04
9.660669943275512761e-01
3.826723779526906566e-01
1.782224726241043652e-04
2.108334224389661268e-03
4.711532654675566756e-02
5.890131428796553659e-04
1.659315254644771272e-04
5.838353356912668810e-04
3.573690978089053005e-02
6.883600827948105350e-02
5.695129807872000363e-04
3.663315422845212291e-04
1.850647373632101356e-03
1.046137655578844594e+01
4.632242587741027678e-04
1.390972479343746855e-03
6.386188344107259288e-04
1.613231978345825053e-03
2.548001825715913438e-02
1.878338557436347420e-04
2.933090736477924135e-02
3.097097951449689912e-03
4.316229647952817688e-03
7.428326871765197903e-02
2.695807040339743832e-01
3.941559943403567801e-03
2.114900877540308935e-03
2.308869154484392144e-03
4.524984293953957515e-01
3.580470255015273315e-04
1.344699017775023098e+00
2.993719708503672638e-02
2.458042274265749561e-03
4.089577215920136427e-03
2.354707406946487946e-03
9.395797753029046240e-04
3.185971942061219947e-04
2.757437881004336955e+00
2.061603087990861519e-03
3.188285870363892840e-03
1.035211435046865081e+00
6.457629559394602141e-04
2.056820333519043115e-03
1.596481141598497973e-03
2.754083375179997364e-03
8.944977461042470266e-04
1.986174338819310936e-01
5.732162343641208913e-02
1.355723876615531551e-03
1.007718859889397800e+00
2.033052950579618962e-03
7.689174754235771720e-04
4.305856387345067260e-01
4.504240149565963414e-04
2.205037947848249077e-03
4.063330934834745835e-04
2.889943275279251503e-03
1.133396477604749208e-03
1.149779287930497162e-01
7.101043293499705034e-02
4.252539280283507139e-02
2.537497570932856217e-03
2.735341501058341160e-03
2.577905716784848700e+00
3.993277346796158568e-04
9.631982130667871012e-01
3.187965636540079223e-02
2.516168445327662817e-03
4.252487441240380139e-01
1.357571962355991896e-03
2.223837344372866370e-04
1.671916003569917653e-03
8.195090783641798948e-04
2.645791574371527538e-04
1.184475578275599218e-03
8.594737345041120191e-02
8.424743077731409145e-04
1.572442869705672347e-03
2.019911926708832170e-03
5.927167837058054667e-02
5.203345784665323881e-03
2.572587682845502675e-03
1.571560068627023243e+00
1.085393683140338350e+00
1.076979586089501506e-01
1.002639632032232154e-03
1.050710883632489066e-03
1.246808029383438821e-01
1.569414752680620834e-03
4.054163624875506411e-01
9.073923871739932034e-02
4.688470111545892344e-04
6.746009287823817591e-04
2.055111805260745328e-03
1.806885269811127695e-03
1.258283426048532189e-03
7.650853013437379779e-01
5.995237269409502134e-03
5.497343998482184108e-04
1.111804209072602204e-03
1.066586032880511681e+01
1.784204110110562333e-04
1.742644389795581453e-03
2.850997081968384070e-02
2.266379926556094659e-03
5.205091141344611594e-04
1.574287406138677112e-03
9.486941942077695838e-04
2.332141439431679661e-04
1.291052203755069239e-03
1.434780101251735378e-03
1.070929067089311992e+01
1.325411884482072082e-03
4.849551356572444349e-02
1.645138451341664546e-03
3.534168150464677555e-02
5.904994349435906641e-04
6.776929938772519035e-05
1.773502154620517496e-03
1.029298174797554033e+00
2.458234649536504557e-03
2.371673298601319375e-03
3.042975133817838601e-03
1.720931358795217692e-03
4.525602670062460475e-03
9.860496572945138660e-04
1.311075037051686598e-01
3.288409852108756803e-01
3.254193140060786249e-02
6.630095630056100087e-04
6.604915081384228615e-04
4.607075060126782085e-02
3.917162209340473850e-03
2.763985610461903303e-03
9.667612678358871170e-01
3.354090679931569924e-03
4.303354085438189369e-02
1.656320898204484068e-03
1.221869798324660278e-03
1.007631980310160456e-03
1.308053502924287279e-03
5.892024190704125280e-04
1.032309191339925158e-03
4.831988988367121041e-02
1.109186012307369751e+01
8.235688259113661536e-01
1.134952427091084556e-03
8.117004008453086034e-04
7.205793861188520069e-05
9.718211034264722770e+00
3.693112681693403593e-02
2.897840678526280352e-03
4.353086565301580654e-04
2.622838902604925429e-03
1.249860570770257653e-03
9.684449716242499694e-04
1.119700644850439922e-03
6.801426814199255932e-04
2.247831299094586385e-02
4.159548610124189638e-01
1.621090703829793367e-01
6.660716015099925336e-02
5.816106973809739150e-04
2.079347511335892795e-01
1.167388210718147246e+00
3.647593679058998457e-04
2.985820436871088057e-03
1.066004147921726464e+01
2.043059021958506041e-03
1.396611797065740526e-03
4.653118547271045680e-04
2.425929114353766319e-03
1.083885431150597017e-01
3.498315686110361339e-03
2.998775761486217363e-03
1.035871770788417301e+00
9.562678100238400066e-04
5.277462992211343767e-02
2.138115313032413686e-04
7.122146163243174843e-01
1.132624415280768071e+00
1.043117971373879627e+00
7.145309545821729724e-01
1.305305224175377088e+00
1.729672557708162445e-03
8.435956984579680469e-04
8.269362352611294917e-04
7.196933065932199780e-04
1.139600945335475859e-03
1.425053545267513266e+00
1.273264229908495082e+00
1.506953327745520071e-04
1.077520611615303636e+01
2.462983426409127152e-01
7.774337926102511953e-02
4.855579596390600591e-03
5.182720984160096162e-02
7.995798036690662802e-02
3.937020109685576003e-03
1.914147775706345755e-01
1.146398490198421646e-03
5.713703696142952149e-02
7.906361084984757370e-02
1.084328664112495666e+01
2.229432919340669506e-03
1.884976659953041880e-03
6.077730235285869892e-02
2.255991409515757835e-03
1.965903481098871426e-03
2.518795262320838550e-03
6.943647163343111828e-01
4.150454044925516034e-05
4.615255803274128169e-04
2.226750466681198456e-03
2.377649797589247160e-03
1.106443499087557036e+01
1.637368977411260418e-01
1.117690916645239563e+00
8.424624854878786165e-04
2.047021426925838862e-03
2.281104401396730035e-03
3.486957313909945511e-03
1.121011888838363779e+00
1.328080160744177229e-03
8.034386455027715812e-02
1.051346026574576342e+01
8.958034526307113695e-04
1.972066842277391263e-01
1.782569088544056976e-04
1.007688725841628496e+01
8.264251548475484016e-04
4.599564172362166636e-03
6.688261060368580826e-04
4.844925927099606733e-02
9.087301303565414878e-05
1.734635422972988228e-03
2.187369321815555989e-01
4.471235511359576698e-03
6.457249791587378954e-04
3.167354312172542680e-02
5.694817515234144867e-03
1.620033272915389622e-01
5.713291716847955894e-04
3.567301255317105457e-02
8.298134605290931505e-04
8.268450823524682580e-02
1.331613048239968844e+00
4.125835786840706398e-02
2.555935134162331049e-03
1.072330135008310492e+01
1.211958885215249193e+00
1.097882997486761658e+00
5.177808053781463027e-02
2.288448067727102356e-03
2.584616594293041580e-01
9.227868472650797849e-02
2.949584306554250621e-02
4.628868884006630269e-02
1.941450899914595046e-03
6.408029266750814995e-04
2.430149929845751983e-03
2.198430044979017908e-02
1.113588017675681656e-03
9.950155369630794056e+00
1.235283231871997289e+00
3.265562605858085554e-02
3.715988531540717621e-02
2.014602623764865166e-04
1.234524560490653754e-03
1.512007879454855264e+00
2.379097287462024826e-03
1.427831524284461397e-03
1.722576914197268202e-03
1.818765376352204574e-03
3.496772257950992585e-03
1.702775578700485223e-03
7.220232887955774920e-03
2.337130563374676805e-04
9.270212027617458564e-04
1.016477716394240810e-03
4.599103739529497581e-02
2.928531186115629261e-03
1.843221489649821479e-03
1.108460505772896759e-01
2.637174497174609583e-03
4.661434618503701444e-02
6.871846466869704385e-04
1.112737451754140183e+00
4.859296696224262024e-02
8.597447525154661326e-04
3.084236586258233270e-01
7.011638783263601793e-01
2.254095840164491160e-04
1.842399539334797082e-03
5.641338052528492922e-04
9.941986306445853572e-01
2.559643416972682411e-03
4.128826123175636728e-04
7.461251255160344584e-04
9.644634717053284824e-04
1.325268711081790396e-01
2.068896985786411458e-04
2.363820127923594444e-02
1.609566807130841104e-01
1.646402730587595998e-04
3.267997707930543096e-03
8.980979987599989611e-01
2.203013271857482899e-03
9.658007369957456456e-01
8.892211451668080358e+00
1.680875979770698678e-03
2.011219625183812559e-03
2.161812897558897800e-03
1.069641542020768021e+01
1.287703925603625281e-04
3.497578573927163925e-03
1.282740531759025693e+00
3.412276948618758743e-04
4.343308514527903508e-04
7.945696381455834290e-04
2.418663883067764461e-03
2.189468963528499457e-01
3.389725423410946611e-04
9.942583659453269718e+00
3.856855725247557709e-01
1.095310606306854240e+01
8.442445118830296247e-01
1.537104762999975005e+00
5.117116139450976486e-04
1.046767608889975429e-03
1.062198219285567444e-03
1.472654128427538026e-03
1.159507001074054772e-01
1.827522116877902558e+00
2.163175603910782313e-03
4.919236085115816226e-02
2.433386347572590556e-03
1.088612445804033335e+01
1.367404581978757735e-03
2.035064158695767400e-01
3.790694306714864278e-04
1.169980645296088417e-03
7.502778814173229581e-05
6.668166180854165903e-01
8.063966437369594065e-01
2.265433492805567911e-04
2.770142785794803969e-03
2.523731407765192891e+00
4.539053780327650944e-02
9.814618657269114782e-04
3.554869297631967767e-02
4.941513721995319935e-02
3.975203736909019986e-03
1.104059557963452676e+00
2.030829578434268853e-03
1.794352134403639186e-03
1.053289098025930315e+01
1.056145929250067894e+00
2.651138499917598423e+00
7.230316620543882078e-02
7.332638803657920423e-02
1.019105024666490944e-01
5.923467158417223752e-04
1.387778972228690400e+00
1.434411548878238019e-03
2.300542879828320064e-01
5.638976511926029056e-02
6.119619365225803520e-01
1.560697238544560619e-03
9.998892878314679322e+00
6.971284738133678993e-02
1.078110716746765085e+01
3.456294217239683220e-04
1.880734583445164976e-01
2.648101512923093682e-03
4.417165908492641790e+00
1.072642422773315563e-01
5.059458328022367266e-03
2.987540914416080828e-01
3.032892741848465176e-03
1.583171263952460987e-03
1.597293294747101244e+00
1.007498722181809025e+00
4.164845771869560807e-03
9.511215025981332172e-01
1.446351538356793309e+00
1.001604604257598941e-03
2.837510912057587126e-04
1.706552422606370106e-03
1.018933782302257640e+01
3.724259939971625438e-03
3.866696540649394373e-03
5.767540974719309859e-04
3.000541773712685732e-03
1.420782736926005235e-03
1.006825262004143440e+01
6.546876141853604902e-04
6.466794890993426970e-02
1.224804969737349536e+00
2.260421709782285682e-02
5.829152872093290583e-04
6.474982789227284874e-04
8.401349769910507193e-02
2.278927189070028766e-04
2.316807227212111173e-02
3.304499393896254827e-02
1.337448792348970919e-03
7.511828405427451935e-04
3.709781017099023255e-05
1.686375977472413280e-03
1.352461544004934096e-03
6.821233302415325751e-03
3.064199490049869246e-01
3.140032519798883343e-02
3.436338468195418785e-04
1.662593837534913355e-03
5.249464680247873938e-01
1.900650909049273363e+00
1.500028248793720265e-01
6.777426662087386242e-05
9.158628287997058748e-04
5.783379508956187041e-04
2.330551282462303697e-03
1.440502480025132245e-03
3.020737200710877507e-03
1.560993757169559792e-03
1.342667315823263263e-01
1.623567150516686541e-01
1.556865645615755467e+00
1.265086155835671959e-04
1.266060661217704997e-03
3.616691223435834074e-04
4.045721713083777482e-02
6.369588093680676744e-02
1.326496996739752509e-03
4.555734472293836504e-04
1.757065197117045272e-03
1.455180965309037927e-04
9.659267203604690044e-01
5.687522592277845235e-02
4.252803371892420470e-02
1.010246960173079778e+01
1.363914896478916200e-03
1.073929554463204025e-03
9.297987854035133504e-02
1.939520167679818080e-04
9.809601739581653990e-02
8.244874572092392682e-04
5.612063067200872418e-02
9.214434660538336347e-04
3.214131988118955063e-01
1.482699734104356163e-03
2.846576989823036002e-02
5.047599818586043403e-03
8.022288601960388468e-04
1.336636251146243546e-03
9.989688755472896364e-01
1.384090791077493110e+00
9.625874378559693550e-04
1.073330824844829046e+01
1.021510132625178313e+00
1.776233064664086911e-03
2.083413591580707269e-03
4.112429873374540135e-04
3.457219579074270466e-01
3.517676939715386891e-02
4.556740361977302811e-01
9.903411807302316128e-04
2.715918177655346488e-03
3.415505134365764972e-02
1.251266383244778568e+00
1.148583194230434583e-03
1.454276813895167386e+00
3.969216966938960561e-02
3.279221469634578945e-01
6.203396460179033678e-04
1.453691071846672719e-03
1.037862929490715805e-03
1.613200532033267631e-01
3.359519707222645077e-03
4.643924391751246689e-03
1.945241245870601987e-03
1.071817902317919180e-01
7.880190057202238196e-04
4.338254462543753021e-02
1.575933899533077387e-01
5.365472083232294270e-02
2.739577964110633652e-04
5.068933388513573446e-01
3.789560804236908817e-04
1.181302295031501359e-03
9.832632223383489661e-04
1.628373162529091547e-03
3.740221520905481073e-02
2.382131190892750831e-03
4.961555501194534618e-02
1.631771342409165326e+00
2.794238979465634570e-04
7.383154319335014093e-02
1.786935486441716958e-01
8.857059936479945605e+00
2.092258852945463876e-04
3.386988517050708997e-02
2.771336866959000361e-03
1.141276306736446866e+00
1.937798096065783904e+00
4.606605992625236075e-04
9.142282587357219992e-02
3.185400277146040182e-04
1.456386170504929967e-01
3.723939436026039301e-02
7.976571167877793272e-04
2.971031438537509103e-04
2.422815802642939997e-02
1.101608501685383601e+00
1.485408277273065313e-03
4.761812603269809465e-04
5.012199352930129734e-03
3.383977015856247557e-03
4.323485093122208037e-04
3.094129297754797531e-02
3.799158185284735867e-02
1.061890180840364017e+01
1.976209729889059297e+00
1.446361883773192414e+00
1.084209195782717394e+01
1.204235790369906356e-03
2.339342934507443114e-03
2.639274271516349815e-04
6.232703613190074959e-02
4.948976500336468159e-02
5.605088596152577041e-02
2.233247057426819282e-01
5.791541075079474910e-01
1.077744624823784997e-03
1.373899069226520164e-01
1.202835847510284797e-03
3.369843275042092023e-02
7.692893852384715889e-04
9.260278882467806554e-04
6.102608991932493426e-02
2.580530177315253776e-03
5.698393108241144311e-01
4.101403987551502373e-04
1.262980182649393358e-03
3.302210472568052613e-02
6.268055306171937957e-02
3.621772614011874170e-02
2.493807667143733281e-03
1.390067317027166710e-03
3.908275621560585236e-03
4.484252215356285376e+00
1.672623776032604870e-01
7.872482318163609438e-01
1.887446021970886137e-03
1.761280614225084751e+00
2.634335215073533437e-04
7.837223831625074189e-01
2.828018392432467016e-03
1.055042023158320408e+00
2.492397101128843509e-04
1.134633465652455098e-01
5.478091617515598588e-04
2.899233108559929467e-04
1.082565409286852416e-04
4.174633289364626521e-02
4.844980262563337858e-04
1.292569364769653208e-03
4.763896535829410459e-04
6.154261715885180756e-02
2.866553507161629516e-03
9.808053744327568935e-04
2.999483959953141987e-04
4.379440709468108289e-02
1.673651020122144360e-03
2.516373144387377622e-03
4.497491950489447554e-02
1.200141904108253055e+00
5.777695135851977030e-04
1.163011208356205639e+00
9.706477567786201632e+00
1.013202899944504187e+00
2.217070896399222057e+00
6.113565831724486650e-04
3.759406682322615802e-04
3.386496569177793996e-04
2.041715897394971203e-03
1.715107059326112626e+00
1.157152641455396980e+00
1.099896004749276596e-01
3.955918215132377125e-02
1.400235391029923393e-01
8.516593387916940316e-02
1.262322062259960825e-03
3.367694196633773396e-02
9.860911239176948229e+00
5.235684293664524119e-04
7.006376460588777111e-02
2.330352276072335076e-03
2.061851646550630270e-04
6.978611100465015663e-04
7.412798002979070072e-04
1.003738094217586507e+01
5.537407527957439318e-02
2.087078463054493210e-03
2.159011460777628816e-02
8.931683717852707122e-04
9.378377209377659895e-02
9.961077822430528667e-04
1.138082839140835273e-03
7.564106502327073295e-03
1.099449200013933536e+00
1.251201169210363062e+00
1.547627956689319115e-03
1.665047057732619261e-04
7.838041074947558196e-01
5.154542060395767011e-02
2.343392305899443251e+00
9.583374870050770378e-01
1.513631199517438408e-01
3.942447466554033220e-02
3.748428497220837249e-04
1.063357770031445743e-03
4.658338690088948547e-02
1.322424831877198632e-03
2.622403180076298898e-02
7.322389265847720902e-04
3.980330641741991818e-03
7.743319414183508914e-04
5.875420047943636162e-04
1.118382585123314010e+00
7.309912866492160877e-01
3.710270375259209011e-03
9.445248370755994494e-02
2.176790457088231476e-03
6.820213635077209888e-04
2.379068833731310950e-01
8.477740374653472410e-03
1.951495989975856604e-01
5.736825616376035192e-02
9.578550112009718287e-01
2.355254849117386848e-04
2.231185141382099543e-02
2.700867600942440799e-02
6.200859493135221431e-04
6.334015256255277893e-02
8.083345099808525447e-01
8.702597830907207732e-02
5.425754321792798651e-02
7.352563162042248524e-02
5.110131836693630747e-02
5.217755922181863126e-05
2.905819996259537130e-03
7.931965171874867659e-04
1.685781637447425485e-03
9.996537879632638735e-01
5.850752669485148605e-01
1.317958091947972823e-03
8.101355306177486781e+00
3.139325745065833784e-02
9.498012587817497021e+00
8.716620207275280197e-02
1.249972790137518830e+00
4.590444986586790510e-02
1.062774869777038749e-04
2.326265204818973951e-03
1.304369844482523577e+00
2.441676280442389713e-02
3.306744773036891794e-03
7.735023872198695805e-04
1.197439819741894168e-04
4.048934421034613984e-04
1.145439558067523578e+01
3.896861104442961993e-02
1.078324987490554498e+01
1.190238893339172987e+00
2.106367482463987528e+00
5.845083524362175709e-01
1.202076049472512731e-03
6.723163047554665817e-04
1.134014294912181597e+01
3.414739155904356060e-01
1.718603281124777560e-01
8.042394084561124146e-01
7.954299399576942875e-01
7.286933401934780809e-05
3.003179483839319222e-02
1.817226470553847534e-03
1.785067165799046358e-03
3.687837183270390416e-04
4.064196737542024804e-04
3.657143366333555357e-03
3.356416641875996885e-04
1.167900567024919845e+00
5.405061768583487719e-04
2.605041197480962856e-01
1.290979354975821281e+00
1.754491399910154334e-02
4.437511694655333488e-02
1.682027963656586821e-03
1.475898245909967529e-03
7.526819862804486408e-04
7.616889278439027411e-01
1.948075666287176974e-03
1.100042269906484371e+01
6.505867533065914921e-02
2.681285908252045019e-03
2.634526813025474951e-02
2.739141146845140012e-02
1.336192008471267026e-03
1.859104300315362951e-03
9.968751084599428935e+00
2.380333031627558660e-02
3.911235606402748213e-04
1.012735972053882172e+01
1.026626505704932057e+01
5.896780167339455564e-04
5.861564776377893582e-02
3.409047924990385621e-04
7.871813950282892380e-04
3.263404769113840281e-02
4.736938945763932880e-05
3.483984332531869565e+00
1.230736841762176091e-03
4.524368556226050775e-02
1.109192768238190891e-03
1.325649987130277183e-03
5.618190370997278027e-01
2.711353913329052692e-03
5.784904752323518154e-04
5.550877671888594309e-04
8.239858187307595727e-04
9.310841415986091316e-04
1.521500899676216621e-03
8.641243995061095862e-04
9.656365015273279950e-02
7.877263329325459931e-05
2.570687008688696132e-04
1.054810223421637794e+01
5.961335661222184612e-01
1.159147712626357359e-03
2.557888392500375324e-04
1.762711043810173510e-03
9.940499607453407993e-01
2.354377299445919308e-02
4.925400271271673444e-04
7.500805189897243042e-02
4.957164246669528568e-04
3.305332052666977785e-05
4.999142057384407117e-02
1.082789348908268057e+00
2.380916400837202740e-01
3.368551901599009003e-04
1.491994914079202983e-01
5.203407373036324224e-04
1.112156147250637694e+01
4.576523979836668587e-01
1.516464449929914859e-03
6.090335954754209913e-02
4.976571562142844685e-01
1.091911081930327515e-01
1.638933482729665325e+00
1.698702144637910007e-03
4.324582043438104373e-01
1.033706983044097427e+01
8.237128729974577124e-02
6.496331440010588709e-02
8.118880653530285985e-02
1.129515337706836660e-03
5.555994137743450190e-04
1.589782779282651604e-01
9.734340383318585310e+00
5.513918980019721222e-03
1.245624264310785144e-03
6.337484778481011771e-01
1.491761077721832744e-03
1.473444923451291098e-03
1.311417686575031688e-03
9.418408779614704684e+00
2.587881121255617561e-02
8.101976805291354056e-02
9.479037811959782622e-02
7.522396674176858034e-02
1.153780866905524283e+00
1.139090229636474660e+00
1.098327337065125420e+00
1.971628272815051375e-03
1.336603624578452335e-03
7.596082481797754998e-04
1.397793105880587756e-03
3.153967001879934978e-02
8.284029506663787359e-04
3.363306513128831027e-02
1.023020941592820560e-03
3.087703292056103496e-04
1.442181352579301103e-03
3.243292434731431134e-05
1.772999929125622723e-03
9.620253277195898881e-04
6.640822666920181624e-04
1.401024363060378482e-03
1.447576850335248633e+00
4.389342051180390725e-04
6.491003113625785914e-02
3.753453993623505000e-04
1.065021965088834843e+00
5.297398882465635325e-04
1.630786583933513043e-03
3.069497306683306448e-01
1.068294121785521078e+01
1.343640436609104018e-03
1.454835685707647590e-03
4.517604497561254068e-02
1.261613788303378274e-03
8.832181672727808242e-02
1.382574213852084608e-03
3.542267978651390120e-02
5.889401873161626173e-04
4.557099144825733916e-02
3.506989612991736477e-02
7.401761816194939170e-02
5.963107901731142663e-02
1.014781510856320734e+00
4.343447360129330803e-02
1.116089458198017970e-01
1.034529661824649515e-05
1.311620343687931456e-01
2.654435654890975604e-02
4.192861523157663875e-04
8.730335711920939046e-01
3.755259259020994334e-01
2.062532697161040929e+00
4.106983495218560418e-04
5.560839315663025362e-01
2.707135160177489598e-03
3.791091045759462097e-03
1.265016474673677227e-01
1.670853724213876290e-03
7.955101572774221294e-04
1.912162658886685032e-03
9.673522745236454515e-04
5.372140807694903222e-04
6.081644062252656788e-04
8.597016902431291879e-04
3.162910688716377011e-03
2.175053480441222539e-03
1.035561722358980674e+01
2.833934421313780483e+00
5.280994395919225148e-04
2.668219323409119076e-02
4.318653835076177727e-02
1.039673757948928953e-03
1.286618549044475472e-04
3.823597471342013443e-02
5.999850860588318638e-04
4.717496798227447524e-03
7.099511468053734120e-01
6.282088180677917848e-05
4.958977731501284722e-04
1.604979639135172605e-03
4.506089761394470317e-02
1.251857950378243656e+00
9.556422194932075342e+00
2.375591541648931250e-03
2.070478050284822909e-03
1.563092569897011286e+00
9.204195627745996866e-01
5.879249189644102959e-04
1.092638307870551939e+00
1.607638814875968561e-04
1.024039886325786242e+00
5.749888669308593665e-05
3.022203387963798282e-02
1.490692423245986928e-03
2.593263499746348202e-04
8.523861800890158991e-01
2.295269744594256867e-03
8.955852599140240455e-02
4.918049708635990891e-03
1.209463695575246689e+00
1.053273234093530120e-03
9.260275592804813587e-05
5.204660485379590529e-04
2.139757778704749064e-03
5.402677502012185329e-01
1.374768131366823187e+00
6.256653966224519706e-04
1.799460834032717144e-03
2.575435022391721340e-03
1.332797915569424244e-04
6.660801820567050988e-04
