1.226000661555572080e+00
6.308338878311260167e+00
1.480160677877608189e+00
2.011703234592076422e-02
1.228215683169126660e+00
1.285829907122876481e+00
3.688036710542604180e+00
1.304505419930190424e+00
1.653321900601772629e-02
5.715088854601614976e+00
1.152071420117885880e+00
1.191860547625038347e+00
1.371654936316806683e+00
8.977361108561446867e-01
1.304334524618552038e+00
2.378176669002724647e-02
1.223829601355163721e+00
1.459109523830225630e+00
5.818030543151659906e+00
1.911572887001679710e+00
1.279307754921055196e+00
1.387721113972550269e+00
1.240178156314660995e+00
1.329241761225793628e+00
6.654744268593049128e+00
1.160377847934699336e+00
1.260664950040594867e+00
1.244145572056342797e+00
1.128721153072480332e+00
1.461842857257905859e+00
1.496441839790738193e+00
1.333184679035117393e+00
1.269532490189715146e+00
1.318701969763334203e+00
7.759567093228310064e-01
3.019785963980421428e+00
1.425639325183319706e+00
1.314631214494830891e+00
1.426061338004915191e+00
1.248667080270091212e+00
1.311183032512016178e+00
1.057212537424943921e+00
2.476356163093784701e+00
1.174266883107161430e+00
1.166270611432103532e+00
1.440893122563497997e+00
1.165031263211738555e+00
2.844320652795949478e+00
1.351031598286202229e+00
1.241660024278248731e+00
1.510839661445996462e+00
1.044011150120633724e+00
1.220096085282739828e+00
1.932464287716513865e-02
1.048621339108234629e+00
5.328512221398379545e+00
1.226194132669031989e+00
4.171581763199747606e+00
2.522473303470522746e-02
1.157817522264259491e+00
1.247434583417130538e+00
9.815508151330084585e-01
1.353943539710320776e+00
6.301476102788884148e+00
1.782132060399716611e+00
1.237504269131862511e+00
1.295339513887095562e+00
1.316564689115222953e+00
3.190850367629475048e+00
1.328437331749991568e+00
1.168817366926388157e+00
6.897206824095441391e+00
1.200752381429334381e+00
8.943965169403562676e-01
1.309667124225807111e+00
1.242998231449367275e+00
1.409972976504297870e+00
2.686064222557243752e+00
1.718797518623308207e+00
3.886628508619909717e+00
1.365496642151455609e+00
1.381600205323441743e+00
1.289559810319710564e+00
1.342427582701702260e+00
6.391208292783333356e+00
1.317551018489376613e+00
2.445772941696187919e-02
1.252171016424079131e+00
1.451173285805587021e+00
1.182134050363611744e+00
1.251265818398808349e+00
1.278311447023986691e+00
3.179681719420118569e+00
1.081554472770675623e+00
1.346158518858673103e+00
1.388371768334387468e+00
1.159984387566431518e+00
1.316433298783285188e+00
8.270069168858320552e-01
1.355558106545827091e+00
1.164308983677097231e+00
1.311186842470829284e+00
2.153152944673470889e-02
1.297569743132703568e+00
1.457459632312710696e+00
1.522684362335769759e+00
1.461492607378155562e+00
2.242482630989910131e-02
9.619983603863020427e-01
1.070302657336982932e+00
1.320347688484161619e+00
1.298301894647209354e+00
4.885184515223711443e+00
1.370035743051986499e+00
1.279935121164501810e+00
7.160197967447483602e-01
1.101547388204220823e+00
4.197224219054723093e+00
1.536390153189179264e+00
1.103914164424852906e+00
1.280082507283980986e+00
1.433380381040571194e+00
1.191133125618464961e+00
1.254300131029964849e+00
1.432827362359051282e+00
1.249923719372787234e+00
1.313679413598280554e+00
1.194025214645244581e+00
1.059500947264663928e+00
1.121980441071568357e+00
1.504004924317250858e+00
1.570460466177434622e+00
1.360548188787772617e+00
1.526234795637136710e+00
1.178388868140641588e+00
1.303919213585711390e+00
1.085964372747876272e+00
1.016102882564952736e+00
1.320257519502324506e+00
1.196617634819383547e+00
1.620175283085147022e+00
1.130456091816750774e+00
1.389546515413064842e+00
9.777602814210929472e-01
7.054531681117317543e-01
1.185260413208643504e+00
1.225271214699153788e+00
1.677934400926305747e+00
1.549392233849666400e+00
1.027069532570425103e+00
1.263671426364311845e+00
1.361942657214089358e+00
1.107188876725412108e+00
1.329796964236169554e+00
1.345007420904871243e+00
2.038827234897343590e-02
1.301389926328664570e+00
4.789596923153291108e+00
1.378185239844802457e+00
1.314756013798517698e+00
1.053200597026972440e+00
1.376726657242627994e+00
1.064906416968255831e+00
1.277320213729063791e+00
1.119285312133147858e+00
3.784479862467499345e+00
9.124766885664490346e-01
1.179937656292089798e+00
1.365242083091325886e+00
1.190231631768667864e+00
1.263434547832060995e+00
1.112852666739372332e+00
2.309878107226075519e-02
1.334941700025964684e+00
1.405104762108911665e+00
1.257849649958557858e+00
1.298134419299211029e+00
2.142752467081886214e-02
1.063437986139505576e+00
9.986533889988713497e-01
1.181662546886991461e+00
2.407207223918427647e-02
1.347348031753698105e+00
1.350314149013606357e+00
1.188477063920597487e+00
1.200584619446901424e+00
1.229277781793809421e+00
1.084593867781211252e+00
1.229157391187407633e+00
9.124213653030122106e-01
1.856868084145563813e+00
2.233534497031996580e+00
1.305708822513777623e+00
1.309480789556910940e+00
9.889829825615896741e-01
1.263139527737684453e+00
1.372174638373415023e+00
1.298522825443332085e+00
1.044247107237776806e+00
1.162340992665345851e+00
1.261680514308344492e+00
1.331122758867787859e+00
1.292366125482439010e+00
2.104531939252250045e-02
1.195258228836653114e+00
1.275724173273062201e+00
1.446680159373818109e+00
1.305294651741563783e+00
1.207738839243501783e+00
7.720296415844607463e-01
7.785531589426278876e-01
1.318931003709216565e+00
1.210953718128001899e+00
1.156871038581460454e+00
8.911687164499839664e-01
1.096570174294257516e+00
1.327940118740964071e+00
1.375756014933989579e+00
1.478047785775562506e+00
2.260424889543775212e-02
1.262611789208288204e+00
5.627633512970240837e+00
1.306207074223100228e+00
1.249396234130420558e+00
1.346565152379374908e+00
1.144407550752085445e+00
1.119896084345854081e+00
1.177298849698847016e+00
8.273252739231187203e-01
5.597617128169768641e+00
1.299430287169121678e+00
1.072238170200250140e+00
4.106546463469504360e+00
1.212465986700079101e+00
4.823031779052008972e+00
1.235053194041332514e+00
7.934045158667395459e-01
1.181945324157935850e+00
1.558235574868901185e+00
1.434260151236101954e+00
1.476025528958150534e+00
1.250149901602668479e+00
1.253405437087951491e+00
9.079919204401842858e-01
1.142444283318308607e+00
1.172991482014112963e+00
1.224208986832608259e+00
1.047418778384511251e+00
1.239899682078094312e+00
1.316790476008115274e+00
8.111613132411530369e-01
1.241543141060504230e+00
6.874033328756666172e+00
1.439063022869648600e+00
1.234427837185031240e+00
2.038638321449210561e-02
1.261647580993592976e+00
1.493519273368448363e+00
1.351350222590940398e+00
1.301831426275188885e+00
1.393286025585211085e+00
1.276422938707814536e+00
1.266959825237304216e+00
1.271974233142535438e+00
9.219717006517932356e-01
1.510180090350143667e+00
1.096721340989447846e+00
5.499810625321411628e+00
1.234974061303748982e+00
4.144355249482966741e+00
1.285817591372745872e+00
1.312709541717510753e+00
1.402182967873821795e+00
1.493108563580652026e+00
1.246675145290105480e+00
2.430664310241779924e-02
1.400829960522190998e+00
1.338905301605798126e+00
4.238204017219734610e+00
1.388989310819182865e+00
1.225054514496120905e+00
1.229067907654474823e+00
1.250105987972781829e+00
1.219806155986635776e+00
1.752741478993168567e+00
1.494100015059731668e+00
1.256594103459327760e+00
6.570609256097354134e+00
1.436348085161671895e+00
1.254297160009216761e+00
1.370767954157218416e+00
1.166470227934229609e+00
4.670728751672694301e+00
1.232496414397126649e+00
1.098652565861384822e+00
1.334604064273442692e+00
1.677793956853383950e+00
1.290157893328778282e+00
1.196755553767439029e+00
1.378060001028730497e+00
1.327369263063683302e+00
1.304713112794301022e+00
1.666383088800609258e+00
1.229867646865465236e+00
9.853689686606168507e-01
1.391430012790313864e+00
1.146300053723416479e+00
1.039157108449617395e+00
1.307362297716067712e+00
1.303939120085733094e+00
1.458759849091581628e+00
1.168836039747686684e+00
2.230130780161537069e-02
1.216296834237069246e+00
1.207613609521506870e+00
1.249025456257692124e+00
1.390020309806736076e+00
1.769085353612336764e+00
1.265267732251512234e+00
5.227374373335089253e+00
1.288910999110277622e+00
1.430611915289973446e+00
1.228695370415564092e+00
1.048889391398731608e+00
1.324633107249472364e+00
1.244126662210301770e+00
1.216462843230514235e+00
1.200624071565810080e+00
1.160754172476123669e+00
1.268282825120279345e+00
1.339367669166136920e+00
1.254618439810647690e+00
1.288283114013107244e+00
1.562922077253960706e+00
1.125490456075651791e+00
1.246741239618769370e+00
1.141121311252105919e+00
1.429057679358208599e+00
1.210671523980852538e+00
1.266787688031451919e+00
1.508576714005940289e+00
2.216151934771917187e+00
3.001080694637533242e+00
1.095462493557043615e+00
1.179198546248912738e+00
1.071358868370270612e+00
1.104495381168606460e+00
1.176919761551258548e+00
1.505038836565362192e+00
1.200321510291547433e+00
2.030178635488641081e+00
1.938378008783523190e-02
1.656687557209872708e+00
1.242671469904207182e+00
4.602127500861685760e+00
1.176530957395250265e+00
1.326149629575840372e+00
3.888091610004847709e+00
1.258229657227940557e+00
1.325761507074501022e+00
1.369589202738282108e+00
1.046844654920122686e+00
1.018398415480147090e+00
1.253679199162597735e+00
1.241075131984745283e+00
1.306854565772428867e+00
1.226587176894076592e+00
1.165189018315778924e+00
1.233710388840792760e+00
1.318972528350657480e+00
1.241039540098739735e+00
1.265258169996125392e+00
1.094734086371306869e+00
1.214044635617309797e+00
1.720081395003425273e+00
8.548740448920081336e-01
1.038412012926082983e+00
1.279516037073616719e+00
1.319108121609159134e+00
1.381518821721643642e+00
6.545642724815539104e+00
1.854904303460827228e-02
5.911193629408766803e+00
5.290112346139677513e+00
1.338218361378994192e+00
1.624832665849084368e+00
1.357214828998050793e+00
1.268338874681788742e+00
1.472080549539990013e+00
1.376675700337641972e+00
9.432270250860077532e-01
1.218873189241182597e+00
2.016919690978042023e+00
1.580118909553558604e+00
1.383607389386438236e+00
2.193384186242291367e+00
1.312887692090166869e+00
5.519982433248257436e+00
1.359909877340330198e+00
1.146287572918550435e+00
4.127234755255813958e+00
1.074616139313447905e+00
1.219622606968598255e+00
1.149845527349079077e+00
1.824190690504671419e+00
1.263063486478103403e+00
6.306745392714173448e+00
1.934430389608771339e+00
1.256536464801130126e+00
2.265591531207401310e+00
1.176549224239108238e+00
1.387690560302851983e+00
1.256152012656127415e+00
1.399920718225795557e+00
1.275951811953149662e+00
1.353371722109850905e+00
1.438355784414220739e+00
1.192676679083418234e+00
6.659892332789183023e+00
4.750627540715042230e+00
5.808594642407211239e+00
1.429492811081175541e+00
2.505933100457989962e-02
9.608048162977682605e-01
1.346132553828345735e+00
1.317321090575666487e+00
1.212665891725827283e+00
1.179557416762756716e+00
1.353481084398685308e+00
1.475126999455989019e+00
1.342707194159177719e+00
1.355544770304562885e+00
4.292978994705904938e+00
1.171551655958003257e+00
1.049115688563772020e+00
1.272909622510105754e+00
2.267480323234313810e-02
1.508732583582978792e+00
1.047232385237230723e+00
6.385132095030279231e-01
1.097739074869273690e+00
1.402635276824407917e+00
1.357024957036374158e+00
1.555195628507220817e+00
1.291464360049618509e+00
1.104221390403252068e+00
2.685960135900312962e-02
1.076548664607592132e+00
9.783629284586283781e-01
1.478138834066777374e+00
1.417994761851306462e+00
1.174959542808235557e+00
1.446561200406378367e+00
4.322484527282025368e+00
1.270121635287037254e+00
1.571705167221102872e+00
1.145341357942329497e+00
1.162864362202121304e+00
1.168414495899006145e+00
5.480458896357022880e+00
1.251182977419578179e+00
1.776988675741673213e-02
1.101882864159313469e+00
1.227130125485673684e+00
1.267156601249361803e+00
1.575088260248961314e+00
1.280706269080256643e+00
3.116365587302131868e+00
2.807025043374423490e+00
1.228245777785447856e+00
1.445973397167091834e+00
1.200253446505480159e+00
1.440910650685804262e+00
4.802345238698809027e+00
4.027229060225707258e+00
1.307786386827342717e+00
1.397426835986786742e+00
1.183438938459340228e+00
4.620974859331591134e+00
1.177146027941304407e+00
1.136372902836743082e+00
8.090190102176704201e-01
1.324526657611194036e+00
1.425467199218399816e+00
1.062628271899436205e+00
1.326790577257248582e+00
1.293897551791373335e+00
1.700167868769736579e+00
2.118394904928652345e+00
1.085459937830233201e+00
1.118584906356211661e+00
1.061690713661817664e+00
5.761203339866389328e+00
2.108656618101869107e+00
1.413386755332874056e+00
1.100361873124842349e+00
7.066515474586938517e-01
1.259586560804430766e+00
1.119015268666414986e+00
1.274016089654997907e+00
1.256770048094858927e+00
1.339395251386576557e+00
1.501387110351027232e+00
1.127686317586339637e+00
1.320006727189666051e+00
1.164243010652737498e+00
1.839106918270576596e+00
8.428543822475891290e-01
1.297765291263213605e+00
1.176347107599431396e+00
1.372542891693308675e+00
1.301770752422975796e+00
1.388411795315996455e+00
1.569040991209522007e+00
1.212243495387124392e+00
1.477595673424273670e+00
1.222352600000092604e+00
9.900306556161527771e-01
1.155277311916518501e+00
1.320681897754695688e+00
1.420338707177815740e+00
1.475265588276146289e+00
1.313717655194908573e+00
1.114093174587810431e+00
1.438212820814515291e+00
1.385375585088616690e+00
1.266302686079462614e+00
1.370063073370584306e+00
1.212453802153756754e+00
1.410712883286868946e+00
1.167025466674301626e+00
1.092414282318939556e+00
1.405403687738350005e+00
3.498703169088054565e+00
1.860236884285785930e+00
5.948785364084601568e+00
1.612243540704579869e+00
1.254908887389580840e+00
3.118424577533439823e+00
1.877872263887086710e-02
1.291303289578586089e+00
7.582085666104603661e+00
1.353225863227940806e+00
1.001675243067008836e+00
1.086520753521244442e+00
1.713631235696944088e-02
1.323779687227123691e+00
1.305320283173659224e+00
1.388992058238783578e+00
1.221466019609823039e+00
2.064323386089342627e+00
1.370771862666386509e+00
1.173650017397023682e+00
1.190243881880984400e+00
9.592385768547736502e-01
1.374399323932972372e+00
1.214270723463310553e+00
1.446306049621801648e+00
1.234531944465791842e+00
1.220895720821264074e+00
1.577270101322872264e+00
1.809922820679057409e+00
1.230885369856884237e+00
1.315255838415110290e+00
1.431406999375571143e+00
1.197239234611269243e+00
1.454790983907880086e+00
1.307863770954139415e+00
2.349731604046157232e-02
1.325614211199648285e+00
1.404032318456612138e+00
1.006038804571554257e+00
6.240964031315804128e+00
1.226399318994825904e+00
1.275915277640608192e+00
3.743383815356205790e+00
1.355315932443435401e+00
2.238496391893050538e-02
4.350866495885988172e+00
1.114599773432756180e+00
1.301028342523196102e+00
1.592670178488038601e+00
7.375938619135648189e+00
1.168442495225368694e+00
1.691135485600860910e+00
2.060424085589954851e-02
1.332475824330678460e+00
1.280314574506733694e+00
1.344561884391770601e+00
1.321946800194317984e+00
1.168010967911574660e+00
1.432578942280082979e+00
4.467351589858902905e+00
1.149778288205328236e+00
4.487837823650227875e+00
1.259673755855793109e+00
1.059053227600659230e+00
1.234358804722015091e+00
1.269474576742804839e+00
1.312475256742319463e+00
1.180277987576404009e+00
4.106962979296105765e+00
1.131077309682650966e+00
1.134304959997239681e+00
1.306656507018166824e+00
1.418067198679927587e+00
2.801916759602295137e+00
6.131354814275437271e+00
1.227852578187313970e+00
1.211321332240142379e+00
1.259424306639404634e+00
9.526151540826485187e-01
1.259240853954850081e+00
1.284881928031010423e+00
1.949597951969570309e+00
1.198509002136631363e+00
1.287137708624289445e+00
6.025043057613194364e+00
1.286845737219527663e+00
1.281750432799587891e+00
1.124283649894476600e+00
1.117281969053759871e+00
1.243431374754919938e+00
1.313628300080529776e+00
1.219663267187754530e+00
1.259803048875179465e+00
1.317200234593310260e+00
1.251733702464863374e+00
8.838479496603504071e-01
1.373858619015792204e+00
2.994012647042232356e+00
1.357637573507642248e+00
1.401217218327835745e+00
1.327844000806303049e+00
4.836308109215016415e+00
1.610670715387751972e+00
1.201611024203170563e+00
1.310137061157748750e+00
1.139123587610251453e+00
1.294629320183538157e+00
1.416726707308441302e+00
1.213632626288049243e+00
1.216977086562761823e+00
1.302162646009982216e+00
1.129385254984114573e+00
1.431643975800803492e+00
1.287711589211615548e+00
1.215934709976470574e+00
1.291448203634891989e+00
1.572895700104062877e+00
1.197979948007141804e+00
1.231045458972233275e+00
1.292956342300647599e+00
5.703370680555309491e+00
1.510033872918627562e+00
1.318730248303608965e+00
8.718883542691064914e-01
1.083130488831372862e+00
1.177603038428406634e+00
1.181415935683300056e+00
1.199070741586126143e+00
1.165360278114302428e+00
3.852988190201083185e+00
1.280897086768542525e+00
1.238709237528549778e+00
1.424798425251220024e+00
3.604870002484006797e+00
1.148460804390559975e+00
1.191018860250490086e+00
1.591017303107088443e+00
1.236769358018631859e+00
9.431622348864059369e-01
1.213699061940966883e+00
1.079124248209861525e+00
1.713840457024190300e+00
1.045658458070159558e+00
1.169311627554175725e+00
1.175854342805205510e+00
3.193416441780728476e+00
1.582815130922656799e+00
1.347160272043491647e+00
1.489885764735951135e+00
1.346514724021338427e+00
1.194579591012770781e+00
1.099340965755512656e+00
1.347989010260931320e+00
1.387984574840322338e+00
5.507473975837685387e+00
1.147163833628866980e+00
1.172876309177719456e+00
1.558830780074384803e+00
1.489786914704854581e+00
1.179175423593076477e+00
1.427228285335886415e+00
4.223924967971089295e+00
1.238594657959296352e+00
1.238419998265228195e+00
1.220897564307118932e+00
2.356488100372606392e-02
1.929614187554665072e+00
1.253845163758747550e+00
1.371404018300085070e+00
1.227306656172639121e+00
1.352338836359646024e+00
1.144900620392326429e+00
1.212059975469037321e+00
1.195629365497392627e+00
1.423171328313973083e+00
1.034249260527644099e+00
1.226754454368379488e+00
1.011382037445675230e+00
1.263134398804999892e+00
2.022002183586645074e+00
1.159753760457435945e+00
1.211888474064311438e+00
1.569679913388195125e+00
1.312416662254749511e+00
1.264749282849968681e+00
2.852811033826966103e+00
1.152838496301396010e+00
1.176367508115174321e+00
1.291321863048254803e+00
3.547419403976791230e+00
1.066170326780681243e+00
1.788315887933778381e+00
1.259120583202409271e+00
5.773441399721201961e+00
1.157145115142573788e+00
1.769239820470471791e+00
1.177490951433223465e+00
1.185372789677906491e+00
6.953215108556346502e-01
1.177311507053265593e+00
1.250223532067981980e+00
3.962030194622760959e+00
1.355011689177883394e+00
8.036701845714198100e-01
1.207838887900665847e+00
1.178845274063697435e+00
1.022603541303337193e+00
1.343656172110385238e+00
1.213752391223443361e+00
1.117124523251836088e+00
1.091996212016330459e+00
1.455914546432321099e+00
1.290373494801648757e+00
1.252849482416977356e+00
5.693872457123688058e+00
1.312346038562797412e+00
1.318394341616739851e+00
1.327346124286807427e+00
3.123155931542627606e+00
1.229012359293766954e+00
4.210978222726435405e+00
1.231023533571663275e+00
1.314514817320592499e+00
1.321860720212205464e+00
4.992894150977850387e+00
6.388362717070570795e+00
1.024350046045908957e+00
1.249842846469993773e+00
1.440315307019937485e+00
1.112392774049947963e+00
1.291711666623864385e+00
1.434089676901354693e+00
1.239772484834531507e+00
1.391138346985174135e+00
1.143324868405164896e+00
1.442262243470691541e+00
1.191741502644034334e+00
1.229870882405810217e+00
1.334793793695842723e+00
1.392997596908211344e+00
1.401216825750422057e+00
1.187081058215326168e+00
1.360760690200733647e+00
1.377728095997435176e+00
1.315051465761373439e+00
1.634751447306002303e+00
1.210334051516816611e+00
1.231273962956280776e+00
1.370133241871388741e+00
1.270449980204915175e+00
1.139297186014466501e+00
1.082825555216643698e+00
1.332380829228337227e+00
1.211991594807102723e+00
1.485880765540483761e+00
1.166110086417322833e+00
1.239250790642689726e+00
1.144971653741397422e+00
7.364136447309383993e-01
1.191219609815719060e+00
1.170324355977927056e+00
1.533315311020767346e+00
1.266118181301038481e+00
1.494969279711939603e+00
1.932041944573427428e-02
1.326178779993489876e+00
1.322372536201275040e+00
1.166718936785407612e+00
2.721861756815633804e+00
1.245463196848369591e+00
1.133622018594898195e+00
1.441323194218463222e+00
1.302716613236008181e+00
1.057987244401753291e+00
5.321983908804489793e+00
1.362527840920186861e+00
1.328309159962107522e+00
1.171663417019348508e+00
1.112767509731530602e+00
1.413463855835015215e+00
1.543249479026563620e+00
1.953330123200297530e-02
1.429776400437384964e+00
5.835181678766192981e+00
1.297258527254667726e+00
1.182639856601395367e+00
1.407818366138244626e+00
1.287854584559605220e+00
1.313636856341761305e+00
1.093802566612937621e+00
1.511709916173841872e+00
1.068028678908793161e+00
1.303733895383051955e+00
1.458446642553429040e+00
1.051142077954103193e+00
1.129720746987586733e+00
1.478484676832779066e+00
1.456406723158501171e+00
1.182991529047130896e+00
1.438952815843447031e+00
1.344802226762141117e+00
1.109942751452921872e+00
1.418587232130898101e+00
1.118140328636978209e+00
1.517219037378510826e+00
1.163857495551960497e+00
2.703096860691754699e+00
8.952789338259844243e+00
1.233890767453889925e+00
9.724981567270215566e-01
1.244150435470073868e+00
1.252876972043535098e+00
1.244020812228685102e+00
2.037104723167579984e-02
5.399888486002348387e+00
1.239812181179192230e+00
1.205768999088598692e+00
1.235433607168001879e+00
8.376914920100901440e+00
1.245204485617624757e+00
3.588066492190882251e+00
8.903863898468231675e-01
1.172500983448962364e+00
1.266738005274262502e+00
1.770938118841129949e+00
4.198060430382508201e+00
1.291007664383409637e+00
1.249566610079581030e+00
1.356310369870812327e+00
1.076175372482471193e+00
1.128992263469055235e+00
9.689245588239989715e-01
1.459461167546252103e+00
7.183018783367789428e-01
1.221131055941628851e+00
1.382680337124063019e+00
1.413882114993829209e+00
1.262411807483496906e+00
1.385742990979369260e+00
1.170567214299092607e+00
1.292851840342001513e+00
2.178390100801977369e-02
1.344463148983888301e+00
1.278704430570658968e+00
9.309132854486743547e-01
1.215136102136898710e+00
1.221430003496495331e+00
1.163762411467599289e+00
6.983745195302048181e+00
1.153004148337041457e+00
1.566743729384478812e-02
1.210881225355289192e+00
1.386726085680166642e+00
1.268762523766715056e+00
1.168379981099939791e+00
1.378642495048801653e+00
1.393540673909400063e+00
1.252034856578478683e+00
1.315409155282257103e+00
1.210536233125210082e+00
1.067015338873034125e+00
1.631417481354268562e+00
1.758336476052510200e+00
1.211464118908109455e+00
1.211508088317360343e+00
1.251218245976108978e+00
1.189116160655627530e+00
1.155478574701518601e+00
1.341658712674808296e+00
1.404308448367429296e+00
1.205008663456032858e+00
1.353707172896356781e+00
1.138422972872191519e+00
1.329980403425021551e+00
1.282534130442034570e+00
1.340548781172770543e+00
1.926084931054509397e+00
1.236665338152395321e+00
1.347213843536376743e+00
5.435102870411304465e+00
1.313387217115719929e+00
1.006040727215636865e+00
1.192957667787392317e+00
8.119184663690373061e-01
1.332042783120513274e+00
1.194301639009161420e+00
1.109943300720678261e+00
1.755542751339081775e+00
1.327955802192448687e+00
1.554176863113838847e+00
1.313907154861969406e+00
1.292274698895594653e+00
3.925485474062547109e+00
1.409674367137106366e+00
1.258433084282420289e+00
1.616050985076915580e+00
1.714933704891629329e+00
1.177953387890941617e+00
1.123137022737692003e+00
5.681384619527966251e+00
1.185550847187998524e+00
1.287122538026080898e+00
1.220159360748971800e+00
1.254968763717333458e+00
1.157881437726546725e+00
1.146832833238881744e+00
1.201995672684913030e+00
1.298913780106173643e+00
5.331244333612723096e+00
1.222862782988885400e+00
1.353598032237582238e+00
1.641399070011060779e+00
1.302630597329475837e+00
1.467936113783478991e+00
1.078868898532444831e+00
1.149766127693487849e+00
1.019642255554938615e+01
1.109740171068812398e+00
1.089475716432801722e+00
1.974785170764296882e-02
1.320409858938811798e+00
1.314634040571259099e+00
1.450721461594032480e+00
1.693006023173032962e-02
1.888873036638152314e+00
1.294273692543453258e+00
1.174017176950832519e+00
1.461256235847451901e+00
1.253523976349409930e+00
1.270507524707580771e+00
1.221442184115996366e+00
1.495312543022907059e+00
1.157034511620763872e+00
1.224329825371421210e+00
2.162626646148061924e-02
4.140513910797825048e+00
1.619124629838718077e+00
1.361208290750748784e+00
1.547078067581321603e+00
1.570781661832687748e+00
1.133546843900982593e+00
1.305937634756841659e+00
1.067260306365940270e+00
1.378037366097750294e+00
1.343540784492088580e+00
2.197783555984667708e-02
1.318587396682978863e+00
1.194024222823077519e+00
1.440625991684862495e+00
1.310462678855658591e+00
6.487077664934640886e+00
1.122596513936233276e+00
1.201795109255421323e+00
1.990769621225559449e+00
1.017956651319381622e+00
3.518771341065141556e+00
1.396529207092656488e+00
1.397133957477264321e+00
9.517279990797951061e-01
1.268794399747893653e+00
1.395610270848068879e+00
1.300459672130833688e+00
1.290934899025578897e+00
2.063746127917022444e-02
1.345269508912689815e+00
8.623799940785209506e-01
1.680103879433874514e+00
1.227878943873327966e+00
1.984561319061477258e+00
8.685909725091656153e-01
1.394118664417515863e+00
1.004094147607550003e+00
7.653654499033029079e-01
1.240087509366311735e+00
1.351952101181826738e+00
1.208589933729184329e+00
9.932334848754371670e-01
1.206586173962858943e+00
1.323526801419455001e+00
1.026099223625370094e+00
1.653318703974173687e+00
1.304913063462434408e+00
8.248304695181756241e-01
1.172653729409310674e+00
1.236634218694663501e+00
1.243667737948883634e+00
4.318630441963581035e+00
1.256569441115308106e+00
1.444908987572974812e+00
1.254124850283905301e+00
2.224290870090502636e+00
1.674143683738109623e+00
1.299421467751257442e+00
1.032270372989332996e+00
1.271382204502391255e+00
1.272984334113768989e+00
1.277143029384746553e+00
1.406236856123548318e+00
1.150475842018904515e+00
1.094793152331856811e+00
1.516347550760653196e+00
1.228952357527175465e+00
1.325867479972333784e+00
1.322278391496302330e+00
1.492786358771292843e+00
1.252859333656537677e+00
1.119063238855454667e+00
1.195855856893838443e+00
1.346970054222665025e+00
1.263509878505453710e+00
1.268178910745798138e+00
1.181573415349874256e+00
1.370823603883848829e+00
1.225804966304783861e+00
1.941270304415455783e+00
1.142496289592944247e+00
2.449879677662883393e-02
1.185824220693195929e+00
1.689248905102925136e+00
1.696449067371806230e+00
1.170331510206584547e+00
5.286404034413595632e+00
1.847670333096770978e+00
1.783474893584072074e+00
1.262263969292301891e+00
1.976038197026496634e+00
1.250223441572317240e+00
1.114421079870769438e+00
1.326238458933861164e+00
1.302342664886884105e+00
1.342995405102730189e+00
1.211932042043967428e+00
1.222182922285458773e+00
3.894209141425723608e+00
1.419840300447538617e+00
1.347916937431652862e+00
1.482714717295911644e+00
4.905197897295427545e+00
7.122678326224773038e+00
1.499230927274523228e+00
2.274643439992893312e-02
1.025813822239741269e+00
1.149314375475192440e+00
1.438803051214025963e+00
1.351634606401567851e+00
1.525071225933107399e+00
1.402401358163976930e+00
1.055673764080492294e+00
1.212230109950821699e+00
1.161962619538816632e+00
1.338317508369518016e+00
1.949839370622883816e+00
1.442681565103208774e+00
1.402683639873694599e+00
1.343510391075787069e+00
1.133698319709631530e+00
1.356841772260361179e+00
1.173460135918620306e+00
1.718215602370162687e+00
7.302297359016012290e-01
1.269909766476536639e+00
1.448200433101878737e+00
1.339973959401894898e+00
1.293430060695036632e+00
1.084052329706227891e+00
5.323749505504954627e+00
1.078645797035554743e+00
1.714114013935626568e+00
1.314000817206806726e+00
8.259164472144640001e-01
1.584216669953011358e+00
1.158743284650397776e+00
1.254869306152198938e+00
1.867190726600601369e+00
1.295941179336737470e+00
8.686775662271815079e-01
1.223384131716572787e+00
2.993702383211604534e+00
1.194726827897113486e+00
1.271096820541065764e+00
2.669746454252832635e+00
2.005679859889083705e+00
1.148797737626032767e+00
1.267918347993858275e+00
1.201057266758641440e+00
1.489628633437236171e+00
7.045737676141591299e-01
1.313227346089695935e+00
1.147980903101805117e+00
1.333135644814743115e+00
1.511996606612461935e+00
1.283277975761221823e+00
1.238392733226212572e+00
1.467327099155491199e+00
1.277944488754675145e+00
1.204096353076624659e+00
1.262584038804499098e+00
1.364720016162304761e+00
1.171154479240437585e+00
4.521385491552202041e+00
1.784205506131333330e+00
1.280988322100266696e+00
3.355156455640121660e+00
1.609806537206846411e+00
1.113162762323374189e+00
1.602335459075066915e+00
2.380324832681509406e+00
1.155687827457641426e+00
1.448343933214540691e+00
1.347825690277365096e+00
1.283815312972682587e+00
1.243622093061085732e+00
1.444920408291435754e+00
1.566659608322011898e+00
1.107832472601381957e+00
1.244451168909800565e+00
1.315514618117223922e+00
1.076468275942087161e+00
1.588004641753828702e-02
1.408737589072403429e+00
1.291357457328057290e+00
1.219755540877284439e+00
1.046603493565195331e+00
1.061904169117659613e+00
1.085098316392376638e+00
1.754379666068124968e-02
1.320009315892806345e+00
1.148640051602651369e+00
8.679099699005552448e-01
1.244154158880088179e+00
1.303620627127468179e+00
1.249618284574488980e+00
1.185075357382561645e+00
2.820638740851053594e+00
1.117370473646999818e+00
1.369296320647759441e-02
1.394242952645479594e+00
1.346486153663276841e+00
1.308779358619364563e+00
1.033608171690676869e+00
1.223221417628792995e+00
1.297649795769010739e+00
1.244422565583542806e+00
1.193216026598712176e+00
1.477457138953974569e+00
1.471672864210016307e+00
1.273944722552285080e+00
1.608290854672137282e+00
1.193684288054149167e+00
1.644940356500582818e-02
3.386575268036813746e+00
1.342245381401429904e+00
1.543696520427145558e+00
1.250000068435487721e+00
1.330830836640495729e+00
1.111051927957368957e+00
1.183760216302835566e+00
1.170502184059377893e+00
1.101252082558688894e+00
1.639034360442318317e+00
1.286606709765864220e+00
1.231622634341187794e+00
1.395936868245185147e+00
1.414941495444911990e+00
1.382112292307720036e+00
1.119861033252288474e+00
1.261558177802528657e+00
1.212878184544825100e+00
1.320519597664823852e+00
2.337787991276613742e+00
1.238048540112848706e+00
4.240772090553283746e+00
2.577846715255037502e+00
1.182411457807992727e+00
1.083715259951708365e+00
1.216960052963667049e+00
1.317016938496054612e+00
1.079150289101537208e+00
1.368407334903572359e+00
4.388470314191237343e+00
1.332451635917313748e+00
7.647161700406820417e-01
1.285350244141044929e+00
1.269966325966567222e+00
1.027882267517530757e+00
1.324062654789535776e+00
1.282400737994531248e+00
1.421782385672389015e+00
1.316297148757984647e+00
6.085100161055967405e+00
1.119423714102514955e+00
1.188581790776361391e+00
1.322296964401536101e+00
1.289668401199251857e+00
1.239593181827158386e+00
1.300068491579444263e+00
1.580953803338940089e+00
1.470693188912523874e+00
1.391212596839377369e+00
1.304534210048168941e+00
1.298474685115129645e+00
1.276911335416186954e+00
1.347951810818974971e+00
1.834293952476468537e+00
1.114812565271869449e+00
1.208108713389741018e+00
1.073546057964746447e+00
1.271488211270259239e+00
1.283719423657610825e+00
1.112261684448389243e+00
5.085382361756936476e+00
1.360240216184176010e+00
1.251335032151183579e+00
1.049127620944326322e+00
1.010249271405466498e+00
3.457421522892235810e+00
1.164251554857033133e+00
1.434643115253218859e+00
4.780878839176036621e+00
6.422439775651877625e+00
1.302883199844515172e+00
3.582926878017021366e+00
1.274309487918685591e+00
1.322685196542134900e+00
1.289235095329966718e+00
1.356288621236697356e+00
5.387591184908153252e+00
1.432807662254738768e+00
5.051917001832570975e+00
1.251127282050168876e+00
1.267740418808262159e+00
4.384259859140984261e+00
1.240503089968257866e+00
1.283806181817193970e+00
1.256729563665110794e+00
3.059494227969164815e+00
7.189834717353644766e-01
1.165005607246015984e+00
1.169631731560646815e+00
1.460712439297218862e-02
1.430992161847461919e+00
1.305827234397351821e+00
1.325299544551048037e+00
1.905984413592289733e-02
1.094403172732681728e+00
2.187549612999210691e+00
1.193239014167048140e+00
5.207303440064550593e+00
1.258536162893439725e+00
1.516949871835268748e+00
1.208627856436475856e+00
1.574932582605898412e+00
1.151174015177479193e+00
1.555528539086100705e-02
1.142075330907597053e+00
1.177804602956633584e+00
1.936911835320768993e-02
1.193602305446259670e+00
1.483195615696085046e+00
1.256229259978031365e+00
1.367932526319579623e+00
1.135928320911565592e+00
1.067180037364178657e+00
1.242360525446562391e+00
1.200129726199669733e+00
1.850789091657903049e-02
1.063690054334339941e+00
1.468984181881280104e+00
1.962139884295722309e-02
1.486596487991521665e+00
1.320173570278279973e+00
1.349929768710370626e+00
4.652885540465707237e+00
1.034649791661796048e+00
1.679305521701278447e+00
1.267990270286029286e+00
1.265811337314552976e+00
1.124586584067492456e+00
1.331825016204343015e+00
1.335693597566086410e+00
1.251465787093518411e+00
2.830824733666575721e+00
1.338585864801731695e+00
1.029085457825605232e+00
1.383003699011236431e+00
1.234547769358170122e+00
4.562950018262394991e+00
1.533479983857679363e+00
1.376612487160848053e+00
1.239603420651751442e+00
1.292229232215472479e+00
1.295276341916725693e+00
4.776250629093738098e+00
1.650202314343411247e+00
4.042983849712871169e+00
3.979804097572920085e+00
1.223308074238398380e+00
1.171945872254863019e+00
1.172148912272092947e+00
1.302468508718688911e+00
1.300064105218481814e+00
1.754389365259358957e+00
1.378656726369638097e+00
9.877438681865070569e-01
1.431797099654520178e+00
1.278018556336533607e+00
1.857628563616229439e-02
1.264337268837396833e+00
3.304586651754850557e+00
1.213100573096944856e+00
6.663007222278226394e+00
1.271434489306492388e+00
2.723360414201644097e+00
1.379672397225726765e+00
1.132123599713108275e+00
1.210269743807510512e+00
1.210432656659797157e+00
1.291110387992700392e+00
1.319818623698853388e+00
1.204371012671121566e+00
1.143491568715750528e+00
5.855491436724390653e+00
1.285374672737750634e+00
1.247464114325035345e+00
2.274993390391233383e+00
1.218728043335887801e+00
1.132668622486185050e+00
1.117260607038391029e+00
2.165520854234812109e+00
1.229929741047087521e+00
1.040527159011649605e+00
1.212082313301212855e+00
1.227795932939010015e+00
1.770918585678090684e+00
1.128910316938178671e+00
1.484110651919335666e+00
1.085274676692614459e+00
1.311920985315433885e+00
1.435175876580917720e+00
1.301223673035317052e+00
1.159605495992983348e+00
1.181118589103105743e+00
1.290802755937012547e+00
1.321641168860528293e+00
1.154574680229125239e+00
1.197637362230895564e+00
1.287798187105440029e+00
1.259469633240467568e+00
1.383989816952335250e+00
1.193907080136218157e+00
1.248497379824085929e+00
1.203514926304619870e+00
1.438972217237561191e+00
1.279631302288454231e+00
1.281530914769976714e+00
1.293833037470467850e+00
1.250535462645170348e+00
1.163611368406641811e+00
1.265900661986641529e+00
1.149269626773842479e+00
6.543635838623167444e+00
1.283735888218535681e+00
1.959302950969149873e-02
1.311549270606678474e+00
1.191039768602204507e+00
1.293703723623472746e+00
1.208413544278972518e+00
1.131552345379868374e+00
1.213611556628400034e+00
1.471199460187503805e+00
1.372152254382370318e+00
7.492633397995135169e+00
1.239448732241221762e+00
1.252344647142506151e+00
1.355453451203311399e+00
1.173781163891926216e+00
1.350767158571791970e+00
1.315852469895001819e+00
1.244306804957906465e+00
2.975239927825109376e+00
1.131137254654284607e+00
1.458048195194491470e+00
1.704125365871242082e+00
1.278911599477291716e+00
8.559439970520801300e-01
1.009880287512047836e+00
7.949864681957476975e-01
1.711605901197056634e-02
1.383838591479187752e+00
5.502679962699016158e+00
1.487162263853332611e+00
1.179464797768442264e+00
1.135346207260692575e+00
1.795381366105833765e+00
1.341335533200843644e+00
1.259629730168113415e+00
1.344663085710805506e+00
4.564395400883626053e+00
1.220983942607666073e+00
1.380849912820599767e+00
1.203193865411027907e+00
1.213245972509440884e+00
1.599581052296425554e+00
1.309180860984625161e+00
1.218021041298563034e+00
1.233117111673769140e+00
1.086994405073499870e+00
1.140124408259598709e+00
1.255727491494202486e+00
1.217786807776851221e+00
1.120586637362633642e+00
3.640738516455327201e+00
1.292357579245863253e+00
1.044066338914999559e+00
1.404737303277314275e+00
1.229873762632042178e+00
1.387741726097504680e+00
1.099407321129052040e+00
1.242943251026962237e+00
1.519852314566370488e+00
1.201304193749604732e+00
1.076930935964472980e+00
1.005301386839797528e+00
1.358745177070390664e+00
1.479222092264753208e+00
1.203756076863073510e+00
6.268114075988664879e+00
1.383729145556817919e+00
1.120167665718926120e+00
1.177848115204512380e+00
1.259569003960942624e+00
1.332424996528051242e+00
5.323169788716195505e+00
1.018407754875600535e+00
1.164602762142142645e+00
5.261770096764900373e+00
1.266310882681423777e+00
2.196444309119785498e-02
1.023126813220264220e+00
1.147745249056135952e+00
1.203223922174232463e+00
1.303189060622894413e+00
8.448061830224584678e-01
9.547976564206843708e-01
1.346774497791579428e+00
1.400003763034710191e+00
1.292952358919830846e+00
7.366910635124145346e-01
1.235398542634456920e+00
1.240002051696537766e+00
1.271983366331514764e+00
1.178500329735028718e+00
5.255855072327369371e+00
1.386051172047122915e+00
1.297215486138588059e+00
1.684888917237078898e+00
1.223719885252773310e+00
1.190544785808206552e+00
8.050804479706357153e-01
1.304695472814459301e+00
1.335143788833553113e+00
1.168193858301402877e+00
1.261117823116443937e+00
1.419345460058871966e+00
1.661212215062658704e+00
1.194165014518744350e+00
1.209271549500895881e+00
1.318636638120442406e+00
1.267887118545774516e+00
1.188553253321218861e+00
1.232753989567145325e+00
1.250805933058978248e+00
5.519256317132404277e+00
1.819198940567908540e+00
1.411677488040871564e+00
1.303154000833112391e+00
1.426040166388482078e+00
2.652911246659742872e+00
1.889038342068722010e+00
1.076886435849028878e+00
1.598971076559786431e+00
1.197688760500577487e+00
1.297573432808291738e+00
4.184256364228065905e+00
3.078428567873491950e+00
1.664850421439517447e+00
1.226773208031887386e+00
1.525385133033787310e+00
1.190322799253287211e+00
1.426745282294622497e+00
1.256226458289339654e+00
8.477725132458013846e-01
1.230894842538212242e+00
1.968598943653897260e-02
1.260925226892114281e+00
1.331637040863771437e+00
1.335235539506862468e+00
1.367818637546966531e+00
1.117319002112469484e+00
1.624893786337289647e+00
1.661359300956748219e+00
6.104838477201838032e+00
1.321438499416415668e+00
1.175216481489792519e+00
1.211084096822064193e+00
4.139977972353218405e+00
1.269185473757913574e+00
1.233344483812222059e+00
6.651990201067674136e+00
1.434722553139916812e+00
1.217164245243024912e+00
1.360096737131609501e+00
1.226499115209257473e+00
1.404220252514563061e+00
1.370806825097874437e+00
1.526334981235498045e+00
5.805361705255291938e+00
1.314816094481043862e+00
1.183380598940412476e+00
1.147664734256094166e+00
1.963146899641324605e+00
1.341190015590673079e+00
1.319078356342787028e+00
1.343428892896378457e+00
1.151284107616346475e+00
1.109622613133427915e+00
1.273372641125476434e+00
1.239347063804462801e+00
1.437646141364887775e+00
1.342718050968475962e+00
1.635850237737134449e+00
1.214499744349620602e+00
3.570087478118098900e+00
1.132841049857109983e+00
1.187147402364442161e+00
1.172859348429412751e+00
7.244368403501460385e+00
1.187146100569997476e+00
1.297443360667138723e+00
1.395500352157095891e+00
1.453644094570748280e+00
1.300632247071340508e+00
1.374953062250447555e+00
1.172921405198014799e+00
2.120880910757120402e-02
1.530748649347870138e+00
1.357500484569487353e+00
1.958269463004953803e-02
1.276877122951036725e+00
1.191184169267423432e+00
2.214275320709331585e-02
1.196011582163625242e+00
1.279476512365527174e+00
1.341782671307296670e+00
1.285531559550852077e+00
1.913069877807678232e+00
6.852072449607986560e-01
1.480181185965524282e+00
1.427000846400956036e+00
1.365569940672498733e-02
1.076249480435682582e+00
1.107107265667130136e+00
1.396258166238649956e+00
9.829316888379435735e-01
1.491231774091324791e+00
1.535340757595640815e+00
1.256350184742928588e+00
