1.261204114291896383e+00
1.208451740509536521e+00
1.148727139360568250e+00
1.068171156091559659e+00
3.932583141487845158e+00
1.262910961827522716e+00
1.104522265518982582e+00
1.292254909049253442e+00
1.400399511049433610e+00
1.211190038471734232e+00
1.317977204898790333e+00
1.299291953492583307e+00
1.323913281997375346e+00
1.199093441205144828e+00
8.989812792445723844e-01
7.283481823617425022e+00
1.309829113770960340e+00
1.210511389007609573e+00
1.453772745111988840e+00
3.768488045355883997e+00
1.082431622030747498e+00
1.216986172684745959e+00
1.259924508179179892e+00
1.204637974794080746e+00
1.291981059682277611e+00
1.087206289809446558e+00
1.349640471683302145e+00
1.325917085272086293e+00
1.216321047628804219e+00
1.427633028781865265e+00
4.269448047144347669e+00
1.205208994199296058e+00
1.163242115032555590e+00
1.216648136262877600e+00
1.474031595863461774e+00
3.882756620903406564e+00
1.502716807538422739e+00
1.185662381771433349e+00
1.274033932046841233e+00
1.126708966812587143e+00
5.013102408635715435e+00
1.181204950320530633e+00
1.208163393768408866e+00
1.276986690244261702e+00
1.313225653596743925e+00
1.326072082921511353e+00
1.129355201414138810e+00
1.461363250945622028e+00
1.690187615533590204e+00
1.781228550246710673e-02
1.247942801087550180e+00
1.271297112871910606e+00
1.350923990356172943e+00
1.320578546149111077e+00
1.105654139347186593e+00
1.240695230254214021e+00
1.215715829188190433e+00
1.199438604119405616e+00
1.207736168923355891e+00
1.247034361056771568e+00
1.332989197543697824e+00
1.206608220576850021e+00
1.263279363268439370e+00
1.384378679355377617e+00
1.375707068770134267e+00
1.241759472699274891e+00
1.273331987904381180e+00
1.553516575625828455e+00
1.091803889478928813e+00
1.213884409056544378e+00
1.224656770590495380e+00
8.259240283765026946e-01
1.327692101421656501e+00
4.974032020833018208e+00
5.449689388635063025e+00
1.153737235391667726e+00
1.177659997636620437e+00
1.138698680898805993e+00
1.432544818059263481e+00
4.114627404309151082e+00
1.176286825160971272e+00
1.317477147779697599e+00
3.457949776759674965e+00
1.217368374942400688e+00
1.248432260508868685e+00
1.273130716695894726e+00
5.225133337578407478e+00
1.286549044185911761e+00
1.556599362249141194e+00
1.238799965811590909e+00
1.252000505780663797e+00
1.249454123884125689e+00
1.228018576383008931e+00
1.209667786085877772e+00
1.366719751869591715e+00
1.144405748502038911e+00
1.259430406146174519e+00
1.252641356974287135e+00
1.523931443774218852e+00
1.184212463793258063e+00
1.721334524445428560e+00
1.207526503249287453e+00
1.262879741282592949e+00
1.261341533785306446e+00
1.352855696529938534e+00
1.219577721780496615e+00
1.332283098277979416e+00
1.325118642768141619e+00
1.309876681219702466e+00
5.397246153758755938e+00
1.236214240847021806e+00
1.187420104107708818e+00
2.961838257686113529e+00
7.454982429111831621e-01
1.094771017665062685e+00
1.338009607558067859e+00
1.412521940023180544e+00
1.255917104191455635e+00
1.207369689944771451e+00
5.639583526269368541e+00
1.195053620097652258e+00
1.330559084839815220e+00
1.161031211258279239e+00
1.182263181860724099e+00
5.835420240682423376e+00
1.134477286943314311e+01
1.286955254794505343e+00
1.224119180012534613e+00
1.298818784199808007e+00
1.220813442483494882e+00
1.326662930033915444e+00
1.176737976721705881e+00
1.212935308999924633e+00
2.373024914612245517e+00
2.002400380212506631e-02
1.560914060435733219e+00
1.520496532991691296e+00
1.589931247757946142e+00
1.087350184180511770e+00
1.245340905600111681e+00
1.907286571686566568e+00
1.291466267476898411e+00
1.230099794621860143e+00
1.300710856038604479e+00
1.280693198189740478e+00
1.225305679431571093e+00
8.224677140046430246e-01
1.061739038146139791e+00
5.532653115577712555e+00
1.315211570690076659e+00
1.255279034121549397e+00
1.354031156089908983e+00
1.261318610913746641e+00
1.596639878741806795e+00
1.320428319365559489e+00
1.745297485941181392e+00
1.132170651792400173e+00
1.208200013710623466e+00
9.226133605853998887e-01
1.234193824356358604e+00
1.024285139773418951e+00
1.200613232776047923e+00
5.983484401711560707e+00
1.173104751784746380e+00
1.320364904218463753e+00
1.213335658750400947e+00
1.851837071960857672e+00
1.841338577417786504e-02
1.143927280870635332e+00
1.620170125803380934e+00
1.068586183085222796e+00
1.258688219266348440e+00
1.477558442159404795e+00
1.374876289108803107e+00
1.306198558473476989e+00
6.263262742787444992e+00
1.193376668939129637e+00
1.354230469601914066e+00
1.210234441239897762e+00
1.361542951220973796e+00
1.441740749704006674e+00
1.443823898477199386e+00
1.191478274762928669e+00
1.302901653027953355e+00
1.626410675018092000e+00
1.202527163380082698e+00
1.318060687680930876e+00
1.157550647392505905e+00
1.561420182848255803e-02
1.080775639871539129e+00
1.104426076347531538e+00
1.472502289436257161e+00
1.314536587139053303e+00
1.656135178178498979e+00
1.032598341344495907e+00
3.884202336430218949e+00
1.190418429888193241e+00
1.406611814850877273e+00
1.259279398097868707e+00
1.167975280406608141e+00
1.120132974041884832e+00
1.147149077616645085e+00
1.109525689997937992e+00
9.071627522273184585e-01
3.357702395974087040e+00
1.960871127404532899e-02
1.299400554948767939e+00
1.201953210681198758e+00
7.175550881725939689e+00
1.312881487215320053e+00
1.259870301025396433e+00
1.343251967958325466e+00
1.155259581620079024e+00
1.170030007293971330e+00
1.614707242278154098e+00
6.798748473875378950e-01
1.342697876149016256e+00
1.356022998057353490e+00
1.167828936361015035e+00
1.228337108436977632e+00
2.973601743772464445e+00
1.220341084851506608e+00
1.538983636296973323e+00
1.129506038336148599e+00
3.756532428651740307e+00
1.611922303640531240e+00
4.340569603157042877e+00
1.320679618294734237e+00
1.296008782734039855e+00
1.308343997907177592e+00
1.249395227718009371e+00
1.297990732340397191e+00
1.209499733530027488e+00
1.569582547818690887e+00
1.305677206741587160e+00
1.507098616338021113e+00
1.213809544867608725e+00
9.092074852614502323e-01
1.113556257032411567e+00
1.491151399153963553e+00
3.514451124707589358e+00
1.977879386524366082e-02
1.214227850146796683e+00
1.399150287509500323e+00
1.272798994645105708e+00
1.354720055264805323e+00
1.303298020222335651e+00
1.378838475806290154e+00
1.277756112073886285e+00
1.866711814264454983e+00
1.103672407917191567e+00
1.301997876596532766e+00
1.183851280280325380e+00
1.513972952526048132e+00
1.363123985209028666e+00
1.271606880938861650e+00
2.053209764854980079e+00
6.122856141444520617e+00
1.264203336697831581e+00
1.761201273940824485e+00
1.328544743535587047e+00
1.303094425073318519e+00
1.353760189643943956e+00
1.374850282143836866e+00
1.318420897449818163e+00
1.502064955661690515e+00
1.128917806492900411e+00
1.447388072601382344e-02
1.543015144051759595e-02
1.142779490633230255e+00
1.265594947145804117e+00
1.058854163460819064e+00
1.219246088356942703e+00
1.283928573037020904e+00
1.487351441519489281e+00
1.364697338487487421e+00
1.255542208137478521e+00
1.323526450964832790e+00
1.571343918016649299e+00
1.082678322689110573e+00
1.265697007213814729e+00
1.362292654617367038e+00
1.704097603666200611e-02
1.200142595108790733e+00
5.113607706953553489e+00
1.450904574098232258e+00
1.111394948225900237e+00
1.135446003237792656e+00
1.277761786301633284e+00
4.999427604087222754e+00
5.476206214504188097e+00
1.234497094537743145e+00
1.400672817877660625e+00
1.267810060710137687e+00
1.307636590183387737e+00
1.238516707703764652e+00
2.498470764686953061e+00
1.061425654260458096e+00
1.442740500248404611e+00
1.284869172003321403e+00
3.441315497566603820e+00
1.147652868228545620e+00
1.344798465435025570e+00
1.261524547213809466e+00
1.109166256922517135e+00
1.397425540097646302e+00
1.464660690738207149e+00
1.175534687980618997e+00
1.257113109572575604e+00
1.939269918385382763e+00
1.122461968889249428e+00
1.290405851916160085e+00
4.671765450685006371e+00
4.454484078071585529e+00
1.269667676392334688e+00
1.434688280490674872e+00
1.234237689984420960e+00
1.091833652798447796e+00
4.042985111455934089e+00
1.292075250536819375e+00
1.222205091186567838e+00
1.213200730214990752e+00
1.305338909432317784e+00
1.576736462731213706e+00
2.693509905228392842e+00
1.370252895537398263e+00
1.868797555564246426e+00
1.181805299992320091e+00
1.309894695271386578e+00
1.568058541649786308e+00
1.480648351028662546e+00
1.169150449216764809e+00
1.200336120786007044e+00
1.372348586208371302e+00
1.996863052884696732e-02
1.079451328947835798e+00
1.259235209834196123e+00
1.340253304774879251e+00
1.109699331543019252e+00
4.244017751190720666e+00
1.318271616403435154e+00
1.220843643228656683e+00
1.178162901739063795e+00
1.160400461717789655e+00
1.901879665261205998e+00
1.588088314766840536e+00
1.585944672326444760e+00
1.109142633546227330e+00
1.256570942021226767e+00
1.186587746363475082e+00
2.943194669010904096e+00
4.051321873200613766e+00
3.989220881928446261e+00
2.107619416694584899e-02
1.321592625785256381e+00
1.162776532545093167e+00
1.277424326902164786e+00
1.230032466961680448e+00
1.373456097723159353e+00
1.324092522905744973e+00
1.162357214444094566e+00
1.233350181132290668e+00
1.511316146028943042e+00
1.214747894169457165e+00
1.299898514339087541e+00
1.277733934088059797e+00
1.154056782374901502e+00
1.164719855593652209e+00
1.225294080495595850e+00
1.278088000070928931e+00
1.317700951979259294e+00
6.985070478098942104e+00
1.238594079766758504e+00
1.338341017933383004e+00
2.551949602087644653e+00
1.299307348821326924e+00
1.120420498488413852e+00
1.190550497304683208e+00
1.316370721133131472e+00
1.205726119402519947e+00
4.162347730837455906e+00
2.593547599052934416e+00
1.720600616921624137e+00
1.203808619304556737e+00
1.127264851367947074e+00
1.342871021447861413e+00
1.325581990670884558e+00
1.278597314347352576e+00
1.260199295541598596e+00
1.337871081647773686e+00
1.311717659678696801e+00
1.320002167934700044e+00
1.207943970536192069e+00
1.279564532102233976e+00
1.211883892903206750e+00
1.297129497800534326e+00
1.495874204633104387e+00
1.629903534939453752e-02
7.732562194635621555e-01
1.349651289432656442e+00
1.232986795252880574e+00
1.274249515693255619e+00
1.185836120928708048e+00
1.352071706958296371e+00
1.280274361888349866e+00
1.048049025865763539e+00
1.654644856672531805e+00
1.485814133768153411e+00
1.043488962266085229e+00
1.322405596089184288e+00
1.256095680641404311e+00
1.324274882566944811e+00
5.595231290044086592e+00
1.348876471483990702e+00
1.083928124736534215e+00
1.247893200345073339e+00
1.501610033108331077e+00
1.200975984309406108e+00
1.447940169264639421e+00
1.394285387068779691e+00
1.291179337221912915e+00
1.289975176860342909e+00
1.733842015967724137e+00
5.908065130952137700e+00
1.214272995614852579e+00
6.900717479481526251e-01
1.349362163523273983e+00
1.241320683345430886e+00
5.610361945858458377e+00
8.153059561245680209e-01
1.223882240271144894e+00
1.263915319503049250e+00
1.289503242250926718e+00
7.965843479461096166e+00
8.843060930267422348e-01
1.264052496760510902e+00
1.185457194213743293e+00
1.485334892121076500e+00
1.257765953658322555e+00
1.263126180134078957e+00
8.177142460553149528e-01
1.389053346925179344e+00
1.104498891933987981e+00
1.302255258068525823e+00
1.142772863845800568e+00
1.234032693068769948e+00
1.161275765203446664e+00
1.745645677625731196e+00
1.091487733050406472e+00
1.308228612405259339e+00
1.887074532160075771e-02
1.255277834776643342e+00
1.212248902518255456e+00
1.362322098759605193e+00
1.109700188754418226e+00
1.328801413705685608e+00
1.385096528460253662e+00
8.616594599904903173e-01
1.325242862967699997e+00
1.288659541011290655e+00
1.410020986526058451e+00
1.178576779275485542e+00
1.335940401604605920e+00
1.332439358172609278e+00
1.305917582175380121e+00
1.268680417779526781e+00
1.069982169399088745e+00
1.423534859094834071e-02
1.193006416521034563e+00
1.157108802652198065e+00
1.236491953127644372e+00
1.183970025212324639e+00
5.307902085779639734e+00
6.064331336260792682e+00
1.114396683752365336e+00
1.475361714665572421e+00
1.301737341951238136e+00
1.301720151837214345e+00
1.414113699570537230e+00
1.476389977596719749e+00
1.247809711719222392e+00
1.152027278435840074e+00
1.168269243537373381e+00
1.465790084199583010e+00
1.300255297949605371e+00
6.943743199151646284e-01
1.241699269661592497e+00
1.334973573605342079e+00
8.915975974137138049e-01
1.279344417119538502e+00
8.295133584813552119e-01
8.928636985026308093e-01
1.220495231980457618e+00
1.190994484119539232e+00
1.779873997415170495e+00
1.412745879065374112e-02
1.195474914120535193e+00
1.212724121476419503e+00
1.349690802539954770e+00
1.276696394670220336e+00
1.233461594972648179e+00
3.615380741343360516e+00
1.222073369708871482e+00
1.200669058650903676e+00
1.186342233050927231e+00
1.315646285649983316e+00
1.263275492995475924e+00
1.381787763395457613e+00
1.278896724354220193e+00
1.516926844054627299e+00
1.231895484621961412e+00
1.205099863250931769e+00
1.267265410012819338e+00
1.239598106414875112e+00
1.359343761056899469e+00
1.276015359184267117e+00
1.246053402190338666e+00
1.115766817963195656e+00
1.178264810503900417e+00
1.230297805412460033e+00
1.154609672773095230e+00
1.347936639219477151e+00
1.262216870369325061e+00
1.141411536471075738e+00
1.138328580550961089e+00
4.326697399402743116e+00
1.205661022072526789e+00
1.280868122424545064e+00
1.269158691467059619e+00
1.072467517011421290e+00
1.123273395115280238e+00
1.208093043902183750e+00
8.772461097650846584e-01
1.179016076240123834e+00
1.182210062720458144e+00
1.886863831002834502e+00
1.272109698624983132e+00
1.121100147660024415e+00
1.314238202049706317e+00
8.249656856954408202e-01
1.347758432646064541e+00
1.257828355727688141e+00
1.313674720224566217e+00
1.202932530634145403e+00
1.230152953254882053e+00
4.735987027161252527e+00
1.124887284928866471e+00
1.238081925635364566e+00
1.325050221923040894e+00
1.259530875095578484e+00
1.335298621707221134e+00
1.253929519271024251e+00
1.362852045335884110e+00
1.169617686087580655e+00
1.244434393009848705e+00
8.664575177667424022e-01
1.364212681694968676e+00
1.111243466929229484e+00
1.274904396614909619e+00
1.187593189065484278e+00
3.613220769663848309e+00
1.162680052807255837e+00
1.225834797949987287e+00
1.270607650270734412e+00
1.961128553292651677e+00
3.864965107977120340e+00
1.434257271461691019e+00
1.209804021392865137e+00
1.189816755996534692e+00
1.323251138967076468e+00
1.875635724460638531e+00
4.190455278133306649e+00
3.499299355445137039e+00
1.761369226334376314e+00
1.269784203182026783e+00
1.079313994690884515e+00
1.304699854521654601e+00
1.576387325204806622e+00
9.821563507676726035e-01
3.878433864394901676e+00
1.199150180761945794e+00
1.130209134394601245e+00
1.399839634787193088e+00
1.165158530011331628e+00
6.234225153963961930e+00
1.352534375699991465e+00
1.213611149916999032e+00
6.575747731524003825e+00
1.182574994922031664e+00
1.769451145749698862e+00
1.138373277267312300e+00
1.175439303589056461e+00
2.881603804045486328e+00
1.371871738479182756e+00
1.270166600653782840e+00
1.325099469514198214e+00
1.276324682703182001e+00
1.704722478223937632e+00
5.618142159837870686e+00
1.262082948198373078e+00
1.331735292440534568e+00
1.266791885927961658e+00
1.067238991480611521e+00
1.251911768131925395e+00
1.305847753120064958e+00
1.263507153487181345e+00
1.044237459244571564e+00
2.114421127582739146e+00
1.224984702644559942e+00
1.565362044977852030e+00
1.262288646608562326e+00
1.337191462820408461e+00
1.200964718041786394e+00
1.051606902841871749e+00
1.275470071473385314e+00
1.247005179700243271e+00
1.343467099926510366e+00
8.937863835831877379e-01
1.346362603389791079e+00
6.434372113104393165e+00
1.475713664441848927e+00
1.237755385496782434e+00
1.321445122045248777e+00
1.314933685457410739e+00
1.176044981808844536e+00
1.371282937162320525e+00
1.596885910936689246e-02
1.271489935100165614e+00
1.194247823670392616e+00
1.150971703413271818e+00
6.753710772213131541e+00
1.383547163292454751e+00
1.039880119380849788e+00
1.225784075956538377e+00
1.299529819255695440e+00
1.041105353272488099e+00
1.161538950017135141e+00
5.377298555591869977e+00
7.985851618650858796e-01
1.319350091842176109e+00
1.320729383064451756e+00
1.164290721470480516e+00
9.792882162851396233e-01
1.339717864744173426e+00
1.170320881708083682e+00
1.371524092129957850e+00
1.603691200864271860e+00
1.128203797043746404e+00
1.211559922009737944e+00
1.327175969917376630e+00
2.695634525424405403e+00
1.022720881270310356e+00
7.180257230056165341e+00
1.347648489147763584e+00
1.359159554895154498e+00
1.270130189882983540e+00
4.959318905111333109e+00
9.068109936748622868e-01
1.252184305261760500e+00
1.634638031747212228e+00
7.675476816268402835e-01
1.126298326392352722e+00
1.927678967366529619e-02
1.499759884543430850e-02
1.601726650785194328e-02
4.967610150666105895e+00
1.218034353042050322e+00
1.702191687081585414e+00
1.297893147875119890e+00
1.363373411034694227e+00
1.353345799705424124e+00
3.998872834516187247e+00
1.407090699472224538e+00
1.176493504288704806e+00
1.043695146301257148e+00
6.600980600378585805e+00
1.218452291269908727e+00
1.234507388542366968e+00
3.637287387548322037e+00
1.241955734189756022e+00
1.020775801177440822e+00
1.171101773893392206e+00
6.104105377100706775e+00
3.478033669340032219e+00
7.358447208546631257e-01
1.307910182132151489e+00
1.739104492396636309e-02
1.261157789747282987e+00
1.300304536433765090e+00
1.223789251463287542e+00
1.126267676511241600e+00
1.738111284988937966e+00
1.256903267377454725e+00
1.313427873195788909e+00
1.265381779895599967e+00
1.170874382835711325e+00
1.235743848865757943e+00
1.368225570101861965e+00
1.763305533008932210e-02
6.255379336781660804e+00
1.237834109307244468e+00
1.195260553610305365e+00
1.136722971792227366e+00
1.899590647292469070e+00
1.261964561172407517e+00
1.425173927261642381e+00
1.540433685205967684e+00
2.007610528761082147e+00
1.281314298860804612e+00
1.413147072681446348e+00
1.233480585550747133e+00
1.151098918020841522e+00
1.337420274409948373e+00
1.110262098344434012e+00
1.361530381334649986e+00
8.956582873433436287e-01
1.434329776501824583e+00
1.253255027539163846e+00
4.235101612957235417e+00
9.908119962559386318e-01
1.854068185280776868e-02
1.070108222434954293e+00
1.311476792663342383e+00
1.260638272380818936e+00
1.513851501850530523e+00
1.142653883248561764e+00
1.185421951021972564e+00
1.199440300987209884e+00
1.571366278414539769e-02
1.230977405262114743e+00
1.192172922315307471e+00
1.205096902233536493e+00
1.134248939288505342e+00
1.214694666992533367e+00
7.094865770047271702e-01
1.202045195256744137e+00
1.274104140533246277e+00
1.223461441225477397e+00
3.517625836854539223e+00
1.298108144866771063e+00
1.117108927348878122e+00
1.254574508600443394e+00
1.142424052505856436e+00
1.458978915587735153e-02
1.264400468357504526e+00
1.226014635970032796e+00
1.767010093042697072e+00
1.245144951232879382e+00
1.132685709686760633e+00
1.565882278756278861e-02
1.928610037149416812e+00
1.347898414764848507e+00
1.174452764607808897e+00
1.299698067212341712e+00
1.140953994397515991e+00
1.171834485166586282e+00
2.116245003485969001e+00
5.170067951857840072e+00
7.737333649744480013e-01
1.096206837884950325e+00
7.799258772566768361e-01
1.195059116881033834e+00
1.321117375839995667e+00
1.171804231723081013e+00
1.406364292642704683e+00
4.059250726176875546e+00
1.328380539066977839e+00
7.702509555481249492e-01
5.590756321873051604e+00
1.135822801044074515e+00
2.568797994749366431e+00
1.419053865497317712e+00
1.356857130401614153e+00
1.233375336183660353e+00
1.078132093016220594e+00
7.967110799374285790e+00
1.375233108128891546e+00
1.383399535068325470e+00
1.694717389087757820e+00
1.977621652503886926e-02
1.291428534884851764e+00
1.292639272580775600e+00
1.267164523839698242e+00
1.331456007844240119e+00
1.162572089179890078e+00
1.090983398049605313e+00
1.030952673480594051e+00
3.271863861034851162e+00
1.130638783762943467e+00
1.464121430321803974e+00
9.408455396507415802e-01
1.163206005791671771e+00
1.265329093813961414e+00
1.346902098596701958e+00
1.075726495333324539e+00
1.465290739179392787e+00
4.862571512796274753e+00
1.227313363245648548e+00
1.144836079509439664e+00
5.564816116803943835e+00
1.216950266544532422e+00
1.469403808253443078e+00
1.454351441429454272e+00
1.161622595535590996e+00
1.269661087477170991e+00
1.215176795438173141e+00
1.082336600117165926e+00
1.179892966549251021e+00
1.184958491143430326e+00
1.286754575612824913e+00
5.383718622423451450e+00
1.185097254017047685e+00
1.286330589999448382e+00
1.365959362132396659e+00
1.303559998397099129e+00
2.635642729123727879e+00
1.274524978576655254e+00
1.289311634986724631e+00
1.339716994319398058e+00
1.232333167720902178e+00
1.114529037801892386e+00
9.751850556428878214e-01
1.112627717086195567e+00
3.423343113432904872e+00
1.358315717007503087e+00
1.243888968915388027e+00
1.438826818429227883e+00
1.406595984191689741e+00
6.214245375326411525e-01
1.142703155615537369e+00
1.173913361072678407e+00
1.396941939815462996e+00
1.460202825670791960e+00
1.213355345745104508e+00
1.215677558160721095e+00
1.205191376616549626e+00
1.209121923419518740e+00
1.312080744874982940e+00
1.153847070980290601e+00
1.311490937092075981e+00
1.220513245102177180e+00
1.155763929121917943e+00
1.108394762848591508e+00
1.306564280803425682e+00
1.361528874463223404e-02
1.171360619657974667e+00
1.184516972730536688e+00
5.166177193563752823e+00
1.357364963932218505e+00
1.145152414816226205e+00
1.315696613738545295e+00
1.225061015019139887e+00
1.298362843403815470e+00
1.416067237107557775e+00
6.964154068912300488e-01
1.635732660457577259e+00
1.264023821329947284e+00
1.263910185819244525e+00
1.203594776554644641e+00
1.649101942420632544e-02
1.292795167622512453e+00
1.455789524123360490e+00
5.287272659317601153e+00
1.106674876668197971e+00
2.219549805379158691e+00
1.245047860142442619e+00
1.205269375907485063e+00
1.337145482168229371e+00
1.166307306408188360e+00
1.138828935515302954e+00
1.313522637562724790e-02
1.232531594963885979e+00
1.274842628961960544e+00
1.347198960556688974e+00
9.245788356394557539e-01
7.847478141055586054e-01
1.263328945814002457e+00
1.178623873593728666e+00
1.185235539551032558e+00
1.243758790010232707e+00
1.274985713694174239e+00
7.788989281323894787e-01
1.328821282925175096e+00
1.065006323839405855e+00
1.093583730998244352e+00
1.217167843473074162e+00
1.253260445256001887e+00
1.120662669941757006e+00
1.315940013436290634e+00
1.333428297913665794e+00
1.244045289447409885e+00
1.396394849603903587e+00
1.205509407157741020e+00
1.106773081758516630e+00
1.384728777956705237e+00
1.464143278662191280e-02
1.179273055817702254e+00
1.347949409214478589e+00
1.309161734489147966e+00
1.214182119106082869e+00
6.717591366779097406e+00
2.856337758823203288e+00
1.218116165035887377e+00
1.224010890727728951e+00
1.320439589937879798e+00
1.988763208139215699e+00
1.385787202649038763e+00
1.355293293454683745e+00
1.285783331187701606e+00
1.208586959402035976e+00
8.508503773385729385e-01
1.865503070196396912e-02
1.363753335478000706e+00
1.130900967660244394e+00
1.109029552785954387e+00
1.190072616865498478e+00
1.327636925922378808e+00
1.242341207159912475e+00
1.270391738970973350e+00
1.149318287016481310e+00
1.323721146520923764e+00
3.105353857666806050e+00
1.234084534929147825e+00
1.120448698179041358e+00
1.218629266297525993e+00
1.283464899799163339e+00
1.166300457098691234e+00
1.149468498297117947e+00
1.305308144517176583e+00
1.169724964958844815e+00
1.134395076730577490e+00
1.670689517828200854e+00
1.342803374009397199e+00
1.274587976101095421e+00
3.027823063130427261e+00
1.483369143763473730e+00
1.291461098093019011e+00
1.283938380680765379e+00
1.201691170478076387e+00
1.367538146543158417e+00
1.286062096127866372e+00
1.215358198156696101e+00
1.134882787084643851e+00
1.098053608228119593e+00
1.069868492191014209e+00
1.188961014830853813e+00
1.350714496145955845e+00
1.405621868580531508e+00
8.977269083697809737e-01
1.012759535379907927e+00
1.326999385656083774e+00
1.818701107730685163e+00
1.380088461292682922e+00
1.317290502529600005e+00
1.381951987658960102e+00
1.140275925870428919e+00
1.645372060475173634e-02
1.126475395484030528e+00
1.543175533064284455e+00
1.270337400880990675e+00
1.250073737187640921e+00
7.548869274874449031e-01
1.307597743845245297e+00
1.334663312659396972e+00
2.207515795966416561e-02
1.571635046891242116e+00
1.229021521499169545e+00
2.898531547203639924e+00
1.323034542206294351e+00
1.276003616916717043e+00
3.956442403239600836e+00
1.066465714090107930e+00
7.217258842322651802e+00
8.515591798128884227e-01
6.021964941991350351e+00
1.315007819515069398e+00
1.713603577275804923e+00
1.102940698289061494e+00
1.104851484986502541e+00
1.224678443681487039e+00
1.335396999102728799e+00
1.315227703607847687e+00
1.293526454891089861e+00
1.281487203524756868e+00
1.297359172811772599e+00
1.175259666657804569e+00
1.239518549220752330e+00
5.484819550884425965e+00
1.167625106126432666e+00
1.251144933166488782e+00
1.398958018735787956e+00
1.346293741704555735e+00
4.774978927342040436e+00
1.073168877421076584e+00
2.006710207015285796e+00
1.349969319035790205e+00
1.342483143538445667e+00
1.158032984700792856e+00
1.186862920683393163e+00
1.248568892421308307e+00
1.149795373527724873e+00
1.430666771971198070e+00
1.272922101549682328e+00
8.046895401027911454e-01
5.508419527350333134e+00
1.212709998917746113e+00
1.304085943961238225e+00
1.208616737963388754e+00
1.204980593507327002e+00
1.339696254943745224e+00
1.366311448878931412e+00
1.182486007848115861e+00
1.480449200769939910e+00
1.170620271309013027e+00
1.212476252198885440e+00
1.332241537672415932e+00
1.141162690492195653e+00
1.369012871940713971e+00
4.264563779761650686e+00
9.231048153524756827e+00
1.340322988678164240e+00
4.774523267030033935e+00
1.327177021716524852e+00
2.217189455268211873e+00
1.698639062468790595e+00
6.136491986565687284e+00
1.300618906882952786e+00
1.265135440671281586e+00
1.255788817579313488e+00
1.348592483807250275e+00
1.374552680053185982e+00
1.155715498548679943e+00
1.250179607923771918e+00
1.230407158307631921e+00
1.221319678940409492e+00
1.249662444723443011e+00
1.455551220427331760e+00
1.421985096878979782e+00
7.724228174978251538e-01
1.210997058125331982e+00
1.996593170014249186e+00
9.036787400921375557e-01
1.201784228736423543e+00
1.235377343776721482e+00
1.145143821797131700e+00
5.552549559451840366e+00
1.149723437034308571e+00
1.168004008848075204e+00
1.222549427969908731e+00
1.965870352447293801e+00
1.231886217013199669e+00
4.882988914287956561e+00
7.415507806371938182e-01
9.011644925042924248e-01
1.279247989234632232e+00
1.302627972630306941e+00
1.787594809876774438e+00
6.721085935260779465e+00
1.281664546013604244e+00
1.221390537738603399e+00
1.692571077981860572e+00
1.452296073085983241e-02
1.103909702901737511e+00
1.137828456258126009e+00
8.695851262129375314e+00
1.207425541577714867e+00
1.214330369346368288e+00
1.145110505327964212e+00
6.000833126838170273e+00
1.309984000317488073e+00
1.564625692918470756e+00
1.195962430072381011e+00
1.300222416076708409e+00
2.195507183304786558e+00
1.241291616662703046e+00
1.280786930344493424e+00
1.347673564333312424e+00
1.391013513448145604e-02
8.123883226175266259e+00
1.268021921731950608e+00
8.459884125225465290e-01
3.211646547811693786e+00
1.316219139108728342e+00
1.224892807502437009e+00
1.547914710075598776e+00
1.231649284462773331e+00
1.207948609783380922e+00
1.415953312614748327e+00
1.815479190130615095e+00
1.279620896497287941e+00
1.513207523414800804e+00
3.823651440603478946e+00
1.297332999598286296e+00
1.315314373058749542e+00
1.195439797658728764e+00
1.181981197494037694e+01
8.887716664828689828e-01
1.310425031691947906e+00
1.212361819276985386e+00
1.149918369593557088e+00
1.950073475063935496e-02
5.511072515089068702e+00
1.151457680042844212e+00
1.161733240613110452e+00
1.280701466208393535e+00
1.307416832746612467e+00
1.473536252850253872e-02
1.168515605105632016e+00
4.449091015209738487e+00
1.702225671333972068e+00
1.244702697761851828e+00
1.201119483332251603e+00
1.131771446606493203e+00
1.260891284530773149e+00
3.370947032817470213e+00
1.313882770294371394e+00
1.109242230058814060e+00
1.212896817043941367e+00
1.138722946572518602e+00
1.289975477555546535e+00
1.339092208820085617e+00
1.216639753691939330e+00
4.157542825472001269e+00
1.322359869426525503e+00
1.291187760288488917e+00
1.197561664434628526e+00
1.162432173865511675e+00
1.528565979361584670e-02
1.267432444243539624e+00
7.793794968528553468e-01
4.410373992181527925e+00
1.707051178322469553e+00
1.052022061561770361e+00
1.310398337171582606e+00
2.640843143628595513e+00
1.118962736337047126e+00
1.161872098706171919e+00
1.232393938895745666e+00
1.330184925196297829e+00
1.260413378504481319e+00
1.371218232085312350e+00
1.326693305646931886e+00
1.184891704029338300e+00
1.282317474201225327e+00
1.323390147932188787e+00
5.114023240659845371e+00
1.072923414593615288e+00
1.145107008225045853e+00
1.303782433188366507e+00
1.291453439949804327e+00
1.228257459252044104e+00
1.531512132090508294e+00
1.405115568931270431e+00
1.385810357915137736e+00
1.251138482586603651e+00
1.066410601145431070e+00
1.093310261419977447e+00
1.451699090936124703e+00
1.114949878668385796e+00
1.472755158406577225e+00
1.344962750304371291e+00
1.469316668360476807e+00
1.012900331017111188e+00
1.405974937943025305e+00
1.483648258090109806e+00
2.171315195271129816e+00
1.263351775892571416e+00
5.374011294698682661e+00
5.611235516184842176e+00
1.327061292626873445e+00
1.286735829016192767e+00
1.311711037258548984e+00
1.176954611515462323e+00
1.159813324576056015e+00
1.172676983655807081e+00
1.284576630035711320e+00
1.171109622253055260e+00
6.305351340169509378e-01
1.818182632997464188e+00
1.393913070792817122e+00
1.272497434366873348e+00
1.253694629499815250e+00
4.039143675334511130e+00
1.419681626454705636e+00
1.168900889152924671e+00
1.256552036150444085e+00
1.169579524826259709e+00
1.056422296502871783e+00
1.495691562164431554e+00
1.283266833113767991e+00
2.717925194094718666e+00
1.295553904393537570e+00
1.224803771921009865e+00
1.198053729091111297e+00
5.809143206027786555e+00
1.170434676053571543e+00
1.111626407050854803e+00
1.249515343342044504e+00
1.337370311785815336e+00
1.230524171102330033e+00
