1.765808784666526160e-02
9.742436459815001504e-02
5.068280708185022299e-01
2.363383862318030500e-03
4.305858056455714317e-03
1.088601382459740474e+00
1.935282646332097345e+00
1.692668007734392938e-02
8.379655779153683155e-04
2.862184226516847341e-01
1.013368210839102668e+00
2.681751143948154364e-02
1.117000914330269046e+00
1.142716842089273932e+00
1.024024360418752222e+00
1.947992507197525251e-04
8.660305690772368559e-01
5.968360633440947804e-01
1.062834906076019825e+00
6.485904702227072161e-01
1.000695571538810169e+00
1.961565412560336424e-02
8.355837608155085583e-01
7.739054042198794114e-01
1.758147037417146619e+00
1.087553501673682810e+00
9.454808256025656332e-01
1.054073989102763509e+00
1.870980030350966744e-02
7.950370500154408937e-01
1.148348285913157296e+00
1.020946371381429074e+00
1.381321296515227282e+00
7.106088653707153258e-01
7.609745024032751881e-02
1.872881259227812567e+00
5.254212915443248200e-01
1.042302328276573098e+00
2.242965489273128110e+00
1.989044317527426109e-02
8.040455544738412952e-01
6.427500819063952653e-02
1.223244579673487431e+00
1.287177124373458173e-03
1.465687040547192233e+00
5.297265703208088317e-01
9.640161318445277239e-01
1.876373485009948494e+00
7.523405552240303162e-01
9.224679535136630637e-01
6.950745550786705529e-01
7.715843087877299888e-01
2.499757019334206132e-02
1.008633915505252436e-03
6.286710931602151886e-01
9.482214252033150936e-01
8.856541126241677109e-01
1.838942258280405473e-01
2.280982714059337675e-03
2.515734591897825917e-02
1.006595279776961060e+00
2.453372680638495340e-01
4.458375855634967300e-01
7.983310491945935228e-01
5.570651432785365259e-02
1.082094289391387631e+00
2.165045764528664846e-02
4.321313005074994273e-01
2.358164737905748876e+00
9.062949641362899600e-01
5.117303628908485098e-04
2.405642503054203907e+00
2.859963057353699656e-02
1.807598411885418255e-01
1.144653533349097252e+00
9.623374872172677508e-01
1.132242376355596658e+00
7.100234046645628183e-01
9.224237532537197026e+00
7.055333416780298350e-01
8.086863313315773016e-01
1.196858376146853642e+00
8.262836669045259264e-01
8.734461441576584217e-01
9.819217670021952449e-01
9.467446171283636636e-01
2.673946666951971043e-04
9.488628546108669459e-01
7.707356124199346015e-01
1.268629249938937886e-03
1.033816386990361824e+00
1.117631335656911196e+00
2.029725109012480821e+00
2.180849063313718833e-02
9.100679129089477293e-01
5.675329469426322326e-01
4.046577507341449220e-03
9.637940637747124395e-01
6.454576017030345947e-02
3.811869497096855020e-02
1.016157167172229148e+00
9.785641721631385792e+00
2.107563835748649445e-04
8.026496466754488024e-01
8.032867253109703398e-01
7.637963840302314233e-01
9.609939656087641557e-01
9.004760056354008807e-05
1.879765506209470916e-01
2.055271515418968103e-02
1.130057674024101289e+00
1.120720374221958027e+00
3.435547860532786602e-01
9.634944786441204112e-01
9.085174752353480931e-01
8.936296620165959936e+00
3.290243312765395167e-02
1.779131350682249257e+00
8.214582424189513787e-01
2.402821295520382594e-02
1.009798899555710783e+00
5.608942206474861747e-01
1.686729946513615408e-03
1.688531815857592822e+00
1.185965846991496653e+00
1.088685042340145070e+00
1.075783494072837909e+00
1.082822307788609439e+00
1.375806862036291767e-01
1.024784643573621423e+00
6.270330109548075681e-01
6.044742046075625153e-01
2.959628851955194151e-02
1.014622880471180544e+00
9.759381043022523627e-01
9.867020788293947575e-01
8.191867890491038029e-01
2.636190031304983666e-02
9.446295652080120675e+00
7.582783918870659168e-01
2.267414579929560414e+00
1.940098679945122945e-02
1.096238197001544679e+00
4.041310327267684521e-02
3.993474220126385088e-01
2.523269382949831427e-04
3.068088846513469629e-03
8.630833895905209996e-01
6.351556827965436636e-01
2.410673579813371603e-01
8.372346757085827873e-01
1.121053471800221635e+00
5.276561058475283394e-02
1.090040388340633104e+00
5.641454370260644557e-01
1.404362511884481995e-03
1.192938530126995911e+00
1.170743160440425590e-01
1.126448726442596415e+00
1.090062087733574270e+00
1.807113635047120914e-02
8.687013449533798060e-02
2.259341642704065095e-02
9.734503187934594459e-01
7.962888103606197143e-01
2.451296799580539698e+00
6.454245358355441275e-02
1.131534036795654341e+00
7.747761358998646042e-01
8.869586822088251221e-01
1.083344679334620642e+00
8.510204219028717487e-01
2.402551562117908809e-04
1.134410977438142565e+00
6.987871056238075251e-01
1.297016861071333127e-02
1.188315736462329575e+00
7.664378997332341181e-04
1.162463128431248660e-02
8.739997694400641892e-02
4.447522303203518823e-02
1.783355468784358910e-03
9.345473148191354440e-01
9.055998506903708556e-01
1.776737942677467097e-02
1.074890282407276576e+00
8.478563082270581530e-01
1.511642289404284065e-02
1.230435806496790047e-02
3.976922182663788358e-02
2.177673841128390242e-01
2.814510619907104605e+00
8.615957471353035135e-01
1.069067207477025772e+00
2.420977071870076408e-02
1.094177146524328181e+00
4.715127933468228894e-01
1.118123680030275846e+00
2.474670083050482805e-02
6.040102403354684173e-04
9.869466876879888773e-01
2.816490614714955293e-02
9.229920377364990713e-01
2.675240173811955884e-03
1.130731230588214453e+00
1.083873877952009623e+00
7.395019941966411992e-01
2.122331065251922833e-02
9.022866769591297853e-01
5.867045466164241829e-02
8.292106728201166510e-02
1.025467065178639947e+00
2.469643587658085920e-02
1.037222679032698824e+00
5.069954455512935138e-02
7.853374869036943151e-01
1.065998387077454534e+00
1.121309446963231649e+00
1.545466862306801747e+00
1.550711077083156021e-03
8.505449758079643985e-01
3.739044865978782828e-01
1.480233698266106845e+00
8.472510499555164776e-01
1.173710667347721337e+00
1.044872434483672619e+00
1.826333766405652953e-02
1.197339067053147854e+00
9.250345662861761298e+00
1.366475543586317842e+00
1.155036040720462731e+00
9.773121877308865280e+00
2.158521751684497225e+00
1.969545130197623839e-02
2.744365615530278135e-01
1.468722209032757853e-02
6.588610812338502321e-02
2.140757483737532746e-02
7.400383434002310024e-01
3.892411892772403709e-02
9.507489853791033507e-01
4.465414953851095103e-01
1.126972474488848963e+00
8.747395184221255782e-02
6.937390796225202400e-04
8.630571945961733604e-01
2.134118802386165623e-02
1.860615100776345093e-02
1.080723813262689958e+00
2.755025267336581180e-02
2.067964094035271150e-02
1.089498822561540292e+00
7.463514824603609821e-01
9.533026603957862610e-01
7.850349990863779714e-01
1.101328126101978194e-03
1.156697394724788719e+00
2.359282076840343023e-01
1.089745785900668507e+00
7.999792072941465104e-01
7.568354070693965596e-01
9.877554862500412813e-01
1.107726308307097396e+00
1.461581380953718590e+00
6.682172117286555579e-02
7.522982377920199859e-01
3.327382153738578374e-02
1.869469389169197360e+00
2.683664123466610735e-02
1.855954859264732582e+00
1.106264091955685647e+00
1.073701775246145740e+00
9.918385656521231386e-01
5.713184735013795423e-01
9.598110337708374296e-01
2.754919866689098731e-04
1.132307515370259754e+00
9.585929145340787993e-01
2.641897147535721135e+00
1.038278099552440548e+00
2.093757009125399304e-02
8.565329851308230991e-01
8.189950373611408763e-01
1.055783481058477191e+00
1.241834446104474798e+00
1.451437381907862312e+00
1.132739344131943549e+00
9.281579923830709511e-01
3.661822531068600894e-02
8.238584527149116488e-01
1.076812742235773390e+00
1.013778949716724664e+00
1.673238853244562174e-01
9.833097869136967262e+00
1.692054423456731960e-02
9.920214791890735739e-01
1.823444917330216297e+00
1.091817967763462738e+00
8.595632884360318027e-01
4.940110902531222314e-01
1.117165041615411081e+00
6.018583600446129056e-01
9.497039520972785809e+00
9.148250078754377457e-01
4.746999216300456376e-02
1.125025503278516359e+00
1.024149730102503097e+00
1.791656484151726847e-02
7.853172270788996157e-01
1.234623634834824513e+00
1.572704477823030134e+00
1.091560071685031330e+00
3.247277542356152846e-04
8.661444899461570035e-01
1.319489468960830664e-02
1.092362271927878048e+00
9.483829360764487459e-01
6.346889049661605942e-01
1.305628084696853985e+00
3.151247937415654565e+00
8.738325221528022713e-01
5.998533432807819921e-01
8.676656561195631445e-01
2.754777488511642863e-02
9.034453475830153124e-01
1.065280652131465500e+00
2.558464397786446021e-02
1.469331902205836191e-02
7.193687089718323741e-04
9.823423264209880656e+00
1.127257795216532577e+00
4.209069950363489299e-01
1.046919448588407908e+00
5.823482425411146135e-01
9.296266785028887147e-01
1.697193057214897022e-02
1.147843088647087020e-02
5.224608871569687008e-01
8.227168988833934993e-01
1.761088027111713805e-02
8.135266225000548079e-01
1.499806112701562943e+00
1.214513198052985077e+00
7.130106542106813550e-02
8.943694983552172295e-04
1.112702912665000543e+00
8.824491186666107989e-01
1.256428339816998904e-02
6.877077160159958957e-01
1.129658509185961002e+00
4.217611495259065979e-01
6.468937351467888772e-04
6.379106751513704543e-01
2.009192917091738584e-02
2.361527847442006056e+00
1.049961774117031510e+00
1.068917971361774466e+00
2.110440984244072116e+00
9.553875422310496024e-01
1.083706336711359963e+00
9.927918626712045613e-01
8.606932613552431555e-01
5.880662446912372082e-02
1.365067419121363673e-03
1.131365333364197534e+00
1.098411111190517486e+00
9.161139808384495264e-01
9.942186715058955182e-03
8.087440017200299147e-01
8.761706008814579283e-01
7.921976400154665324e-04
4.339807253300282872e-04
7.497040435045381618e-03
9.008704267935380150e-01
1.035172687008626413e-01
6.289600070430565459e-01
2.187360636373251316e-02
1.096880864793763566e+00
1.074343449408370565e+00
1.135602914774640482e+00
9.675423148854797040e-01
1.430491978897306411e-03
1.865849160012648111e-01
8.014176115239355358e-01
1.103727879996477368e+00
8.077519664607082372e-01
4.631048882706952918e-01
1.044214481424443175e+00
8.371775493575757121e-01
8.497534797741576051e-01
1.843670456331986812e-02
6.582771779505121540e-04
3.630696295768703230e+00
1.099230566571257839e+00
7.199694808702810089e-01
3.626169094347484023e+00
5.999534745018961779e-01
8.725973252954949411e-02
1.119084914483706061e+00
4.034893972612925706e-01
2.142293458493377933e+00
2.595368389036310786e-02
2.515860568143082551e-02
3.870509753087008828e-04
2.664937279368078116e+00
1.054542735187307345e+00
7.467868214385703363e-01
1.306327347166597264e+00
1.098471580724357466e+00
2.532410227201953745e+00
9.476991484285833822e-01
3.737703581536312714e-02
7.693361198428486647e-01
5.571290654883983562e-01
1.049673075846199862e-03
7.517550797285390551e-01
1.039804190681449469e+00
2.273884397309977601e-02
1.200181288883401254e-01
1.045752166699026819e+00
1.693094555413796609e-01
5.227932202180376464e-01
4.313810174344807208e-04
1.358910053700579379e+00
9.208971056231508578e-01
1.037562301701246081e+00
8.775295711686036393e-01
1.062898752681192827e+00
1.058166158254741696e+00
6.950227219317726135e-01
1.177918457019564880e+00
1.195355631901195981e+00
2.100534514671450026e+00
1.480689165104987664e-04
2.201603639418145755e-02
1.079852972423555046e+00
1.909694679225251972e-04
6.124592659425787122e-01
7.790773374962367548e-01
3.644581808976306292e-02
1.106245516100465287e-02
6.531621687574767909e-01
9.493182234195377545e-01
9.965931629524217072e+00
4.737148809593104692e-01
1.567489304464770444e-02
2.049605309144457779e-03
2.012980116744692016e-02
5.848914792967607051e-02
7.234941768817551022e-01
4.599747327510986805e-01
1.118160841090498847e+00
7.165463049605009793e-01
1.252892328906825670e+00
7.992116437939895679e-01
1.209878611117817915e+00
1.699897403120397693e-02
8.854827611640252449e-01
1.086644572256786345e+00
1.353002234028621853e+00
8.254372895726695969e-01
5.070911010297701055e-03
8.381450054385020110e-01
3.131195377715520478e-02
5.195566165058691094e-03
8.530364267761509911e-01
1.197070489375570590e+00
1.235819646981310527e+00
2.004160050926591108e+00
9.641055223071239855e-01
1.766008570537035416e+00
2.391511169094420741e-02
5.053603541191521442e-01
1.845343934723021828e+00
1.932279403479621349e+00
9.789405859055950287e+00
7.696986866172562669e-01
8.652847591960494134e-01
3.192596057188279879e+00
8.038653217745245216e-04
7.920339056843459513e-01
7.948930818834530621e-02
1.007526844813960043e+00
1.070519242865851206e+00
1.724890869844497576e-02
1.086175580126170770e+00
9.213958567068855077e-01
8.527793129881910961e-02
1.929058823559348435e+00
7.651927417145353294e-01
5.020068502126513038e-04
2.252687557872847662e-02
1.239574339514676327e+00
1.657819137738811399e+00
5.514107276319401008e-01
1.078996649782922035e-01
1.180891598532419484e-01
9.621117694771523787e-01
2.311088854047209026e-03
1.128038516177550799e+00
7.460461460869920458e-01
1.172118522519947081e+00
8.128222904402691018e-01
2.288491729958763363e-02
1.014898636516233577e+00
1.041941891009706689e+00
7.968642837448731697e-01
9.388975923732910678e-01
1.089143490429418826e+00
9.563985426205415807e-01
6.841088836779534166e-01
1.031656421453432948e+00
7.499821203813334947e-01
1.056449630390499994e+00
8.898166804555965870e-01
1.999148071131495286e+00
3.174828103374244259e-02
1.736663727184106082e-02
9.962914280714308957e-01
9.654402224382805375e-01
5.747532816952128920e-01
4.907493181495599655e-01
2.220215906968902447e-02
8.107018887335202262e-01
9.715125349951904132e-01
9.216120003799761484e-01
9.215702155704043053e-01
1.163418605190315036e+00
1.482167341081554006e-04
1.088736390144424027e+00
1.058561530482553525e+00
7.683056646591972516e-01
5.039471414705928298e-01
2.047571270338926830e+00
9.871772989987967151e+00
2.130169875140898839e+00
1.407324877528698170e+00
1.021354083133875434e+00
2.573972775095942467e+00
2.619519201988418887e-04
1.089442086572971036e+00
6.114242793969122403e-01
1.138423767960318633e+00
5.268953460723357907e-01
1.478560006264642915e-02
1.297736243015649993e-03
1.095951011393107688e+00
1.057142646789174689e+00
8.680047329386937349e-01
8.781454876563512535e-01
1.303911100645646304e+00
1.018564264124338425e+00
1.058368625503885330e+00
8.206927758588844490e-01
2.481546753170940534e+00
8.518076858054312028e-01
9.358117813515450800e-01
1.202193526489715669e+00
1.806015510581993749e-02
1.088992069692168885e+00
2.893801722774991703e+00
9.364274549275966919e+00
2.691039925946070444e-02
1.120568987516110004e+00
1.105172909487912580e+00
1.897178465152666443e-02
1.086558651947961307e+00
9.019352305568756334e-02
8.333994764663102753e-04
5.923571455190378421e-01
6.664129898894621817e-01
9.929489482922003452e-02
7.097489774529668338e-01
1.282081519240134762e-02
8.795631356778819132e-01
2.335030474511685217e+00
1.094089832631315984e+00
7.551615208113713132e-04
1.195798500166183276e+00
2.261617435248875624e-03
1.106904484425316415e+00
6.810014551275686001e-01
1.019375503474469813e+00
2.020299546014499639e-02
1.082180606719149507e+00
5.217049471814366951e-04
1.127628330454639061e+00
1.090595908444937923e+00
1.029931584214321960e+00
8.683279631894693651e-01
1.148531137282769343e+00
7.932083384357224709e-01
1.947671613712362415e+00
1.009732898431242365e+00
2.828906965240665983e+00
9.068937140905133365e-01
8.084910028576576257e-01
9.942848108861654932e-01
1.188818340425660702e+00
1.071303993227495921e+00
8.302057668183002170e-02
1.806830248808861894e+00
2.362031548454278096e-01
1.631462298410447237e-02
9.897527725565453682e-01
1.183634278486760172e+00
2.052862550372959394e+00
1.076544129774166469e+00
1.063397019593806059e+00
1.700702595372285714e-04
7.881244093509690574e-01
8.658341019829356167e-02
1.146217472570105755e+00
9.723273192935989462e-01
7.477825152694417277e-02
1.327542727612483243e-02
9.513391188504772833e-01
1.019974693725426707e-01
1.302276608474197017e+00
8.496594987110224206e-01
7.689742016834176797e-01
1.346415147352947095e+00
2.514615513981115213e-02
1.062494876297597646e+00
1.119134667822165419e+00
9.528881485657971634e-03
1.007973314630574269e+00
8.846637640187363649e-01
5.262974443230166582e-02
1.227537729129711819e+00
1.926376966969949978e+00
1.049395681380272949e+00
1.971873049888930168e-02
5.952608680884363679e-01
3.832068482921703323e-01
5.689362652192508918e-01
1.003514568244902705e+00
1.112913355096193158e+00
3.368810856720970935e-03
9.942864557906665457e-01
6.850369258755292234e-01
1.161834141711785492e-02
1.115401280444531018e+00
1.121684216846578819e+00
8.459486622928241717e-01
7.378894051018091149e-01
1.871800241201237558e+00
1.022084268257570150e+00
8.290152223584870139e-01
1.030578285652836934e+00
2.586873706270727963e-02
9.749583745206024110e-01
1.078674157406133149e+00
2.252213846368728012e-01
8.124200132092536109e-01
1.079182290800373423e+00
2.324350897958460949e-01
2.022644304158768142e-02
1.023087533508537650e+00
1.154213392473110611e+00
8.156390728626146114e-01
8.729839544784958605e-01
9.304584022029846468e-02
9.840494180935371871e-01
1.050839648961846340e+00
7.318895211394219613e-01
1.393063856456666416e+00
1.113339226229884016e+00
1.094513644612944703e-03
1.716292600335590279e+00
1.216834896816436862e+00
1.431549674096070257e+00
9.940587551408457817e-03
8.777791906046656933e+00
4.990166834677221552e-01
2.274734927711010227e-02
1.432072042613148133e+00
9.616813342207450876e-01
2.671356147077906584e+00
9.923770881667571819e-01
7.806914616591288381e-01
5.519415248597976387e-01
1.000951122582381725e+00
1.975490060162959222e-02
8.390998793164383684e-01
1.124865135236872815e+00
8.431536195891456975e-01
1.058397274428201529e+00
1.055780806253139525e+00
9.214161415243797837e-01
7.881624527320908735e-02
5.551630411832806367e-01
1.110773077059413305e+00
6.063172232133738904e-01
1.554214184101278651e+00
1.045863429233437669e+00
8.072534659542659474e-01
8.641657042272711253e-01
4.039214425023085475e-03
1.188042405086219722e+00
1.068346451308327838e+00
1.071295663870610149e+00
7.792263677592949911e-01
5.890287278540097260e-01
1.044317284314877581e+00
2.130347197732930520e-02
1.045198599636177894e+00
1.031899633820305029e+00
4.759214419598763179e-02
1.535010741267937157e-02
3.215945631464601773e-01
1.044449014114357865e+00
1.280667957322363104e-01
2.378017093698366058e-02
9.104480508963281871e-01
9.810674169268143174e+00
1.097130460282090825e+00
9.548434445632576484e-01
6.682877864860121697e-01
2.182620077559917215e-02
7.586206941431977713e-01
1.344143980449544085e+00
7.880855574235109406e-01
2.281698867631606550e-02
9.049472528562176876e-01
9.441330353272544551e-01
1.012105648603611296e+00
1.075208268849105142e+00
6.936675975101140867e-01
1.023480910213274697e+00
7.732770433832858448e-04
9.241563168181554655e-02
1.014444070030418921e+00
8.540764062152869096e-01
2.899826276502178057e+00
1.103324544999301438e+00
1.025480666164387683e-01
1.063986195943816382e+00
1.313711130789304432e-02
2.227513793340163764e-02
4.364255817182834396e-01
1.115205785329475452e+00
7.403950725903007957e-01
7.671230823801724608e-01
5.516635220051082644e-01
7.982672380187845196e-01
8.392104537896490912e-01
2.303214675746752871e+00
9.124525552987549082e-01
9.521461651520326086e+00
1.038546934754620565e+00
1.793763063418172932e+00
9.648159105994018603e-01
1.727828995328083206e+00
2.522837302807828114e-02
9.346583998485852307e-01
1.081817329321978605e+00
2.609415751213338019e+00
8.007253886754058803e-01
1.778309943969978713e-02
1.051253514259621547e+00
1.166323530142401449e-01
3.325818866568643062e-02
9.070374557972480378e-01
7.682605704436251681e-01
8.025863740395473567e-01
1.159406777617029372e+00
1.035534678538240883e+00
1.111415447409921597e+00
2.412910469991160455e-03
9.149252733802839543e-01
8.027699093444936596e-01
1.171237588291352827e+00
5.706089131480718279e-01
9.292011178729302490e-01
1.083575258596612301e+00
2.065406735691822232e-02
8.122467507264123920e-01
8.019167336775607779e-01
8.575575175324089416e-01
2.478500886237060968e-03
1.129983342894349096e+00
1.106230706131986707e+00
1.895219206822217062e-02
7.774014396059804044e-01
6.782211763248658931e-01
1.697700856908431963e-02
9.772119576349963532e-01
3.287084890910671464e-02
1.197798803525119249e+00
1.015774934679720444e-04
9.589457493609025718e-02
2.875141209515214014e-02
8.160541625371122709e-01
1.032220084301681773e+00
5.940978647538200375e-02
1.422423965697551806e-01
1.841263174000382780e-04
1.016996824990215487e+00
9.095421889909629520e-01
2.463145266659341748e-02
2.517213171077987699e+00
9.915893534010846722e-01
6.539668784776635213e-02
9.770351227191299559e-01
1.140826669157342099e+00
1.293425166700502144e-02
1.974258395147635570e+00
9.734658397416354747e-01
1.235557009893304636e+00
1.837802794930133710e-02
4.016109033582735965e-01
9.900672366953402470e-01
1.294575162018856362e+00
1.108672051203090161e-03
1.021234100108349274e+01
8.858387229744008051e-01
1.116933069640538401e+00
6.832428847368567926e-01
8.080914344120090353e-01
1.058807864973895674e+00
1.117715327559129390e+00
1.930833049440429730e-02
6.502753767022442233e-01
1.896770167692574116e-02
9.406380168078218862e-01
8.290095317871772895e-01
2.671033993598608686e-02
9.250458803327062940e-01
5.563152405939899570e-01
7.457534519178089516e-01
1.531243164792324592e-02
1.118369532267927013e+00
1.047329997179294425e+00
1.655372132277704508e-02
1.247620228083543559e+00
1.462697386108031961e-02
7.066862722868525459e-01
9.045377070658301433e-01
2.402767981429933641e+00
8.231185344059184228e-01
8.983020562311404555e-01
2.343119529674567436e-01
9.419512089052940462e-01
6.331624828246629200e-01
1.057173482087440108e+00
1.857810600347864841e-03
7.473891784031680419e-02
1.548770037650666273e-02
9.664410618613513693e-01
1.105267215767448352e+00
3.205559797769866881e-01
2.983036020415391620e-02
2.028466268657711069e+00
3.687158641667115377e-02
2.066996149358524271e-02
6.127701710686191258e-04
6.269550943124292397e-01
1.893105493015700747e+00
1.180739654822707263e-02
1.080921727749520000e+00
4.853144894130941300e-01
2.401862816415971102e-01
5.594090775113890954e-04
4.737230809919314167e-02
4.411898614904518068e-01
4.143004768329868193e-01
2.404705644940172832e-02
5.809899706391971064e-01
1.988308051764480444e+00
1.105291155914061019e+00
9.084482921330687688e-01
8.381520358588363528e-01
9.663457239195957227e-01
3.564804651125589620e-03
3.170333144425657029e-02
1.057578148936147322e+00
6.545053836387279556e-02
7.367406400570365027e-05
8.838525106875056991e-01
9.614894733519054881e-01
2.646622101714387831e+00
9.853886537774684484e+00
1.737055315571303833e-03
1.055863084234302862e+00
7.624863386196335524e-01
1.065882771611347701e+00
9.983267572593789163e-01
6.885924639457018381e-01
8.478654290906862956e-01
9.181968892117212677e-01
1.239545972561052922e+00
9.894661566585692958e-01
2.106133171764777989e-01
7.836129119237649210e-01
8.967180465331708206e+00
1.092795072371450793e+00
9.004861477415365689e-01
4.617294453782621808e-03
1.028264331125479554e-03
2.616361915000421298e-02
1.030998662183108872e+00
7.781302162191851279e-02
1.665963158819327300e-02
5.343624964607324168e-01
2.181682471979237703e-02
1.133527656055982602e+00
1.010768413788491804e+00
1.038533947792914303e+00
1.256742329069912845e-01
4.656666369943905648e-02
8.042807871814567910e-01
2.093797811521298513e+00
1.079392124241238093e+00
2.109342338397620503e-02
8.692402156710415939e-01
3.686909962088372877e-02
5.057198512887529640e-01
1.117456505108124887e+00
1.315829993214770455e-02
1.204890146709499676e+00
1.103582787937369636e+00
8.834898833824113007e-01
1.058490006658684424e+00
4.869678744362385125e-02
2.833642631741414952e+00
4.861994809127511141e-01
9.046119741457392394e+00
1.531438990127838018e+00
8.475293569122390736e-01
1.030557686985880794e+00
1.180505157158984880e-02
1.065158044740677656e+00
1.131289259958916382e+00
1.100316121298843930e+00
1.118341074163336363e-02
1.123561267132151098e+00
1.678812329818295257e-02
9.049953284075527016e-01
8.554129799402435674e-01
3.237389152353113697e-02
1.345085821058501219e-01
1.040867441238856994e+00
6.195113627166297654e-01
6.742418927329075773e-01
8.537986933525858468e-01
7.021603993021220402e-01
7.218313512653657948e-01
2.125714553178675512e-02
3.996614433218859119e-01
9.793936154785632953e-01
7.711548424369230048e-01
1.596479072085831702e-03
9.131538330022533900e-01
1.031282630268290257e+00
3.371662863911254610e-02
1.259795251730087481e-03
3.637571976300850718e+00
9.574435845520796740e-01
1.063452603299890997e+00
6.479083823226998717e-01
1.817087392066830953e-02
1.164629581783373613e+00
2.508033931295475943e-02
1.199937399331489685e+00
2.524114946234504511e-02
9.723863159953195778e-03
1.254565366935364926e-03
1.684046306123914594e+00
1.035787500127442406e+01
9.653007604114075546e-01
7.943738502492401210e-01
1.942911831555791835e+00
1.028015089779383759e-03
7.673993914935735017e-01
1.044850901514992880e-01
1.103501468613331760e+00
8.752897069237834948e-01
6.256458750588105456e-05
8.699165287084452691e-01
8.255580327544586039e-01
7.454115011699020965e-02
9.359649818844156810e-01
1.062678312798126662e-01
9.963222190914222676e-03
1.025697159594816776e+00
7.603612661919426641e-01
7.605554224264292340e-02
2.679523991046007581e+00
5.177381307515547260e-01
9.652784933093598585e-02
5.004315553286851209e-02
7.778784968894035812e-01
4.655103566139898175e-01
1.148023187612454699e+00
1.123888010595311737e+00
4.174952090763696042e-03
1.050126876835789203e+00
8.772586052480274565e-02
5.548956576889627623e-01
6.207150205778684260e-01
1.271825463203674622e-01
3.894059769958287814e-02
1.479893606196638900e-02
2.393220784326371281e-02
6.028220109785581426e-02
1.090008098492326161e+00
1.010036446408909994e+00
3.241497175363054761e-02
2.293897906934432018e-02
1.070152535900813273e+00
7.289343441410510716e-01
3.154389027496885822e-02
9.827850013823244968e-01
9.216604750533624602e-01
8.862497989236032270e-01
1.570077105518229849e-02
9.862117513820778392e-01
9.401613050843987685e-01
9.608988092260430935e-01
1.709577082557296734e-02
5.677986625757592831e-01
8.459432473375892991e-01
7.587987201848513941e-01
1.920776383029302981e+00
1.078370496448064708e+00
8.184814434236487024e-01
8.866402895003946405e-01
1.137083021710194819e+00
1.400781165754646715e-02
4.454102971273050104e-01
6.855488262529838006e-04
1.350049705216023632e+00
6.674016198335878114e-01
9.596373045422413872e-01
8.946001097742366515e-01
1.345331710714174900e+00
5.870902864608951166e-01
1.140345433061199509e+00
6.646242810273155222e-01
1.196881700764409473e+00
1.132461588568922872e+00
1.087930833035624323e+00
1.470111321671830132e-02
2.235068831272530449e-02
3.638474519761514259e-02
7.714945202759208864e-02
9.523749836865736951e-01
2.306580858892388897e-02
5.372812507037543275e-04
1.322311492319290169e-02
7.896632610378667705e-01
1.003162281862538485e+01
8.868955123843742516e-01
2.839992321634136285e+00
1.051954973642216906e+01
1.728146729820266292e-01
1.065645844470800130e+00
9.299939176822029197e+00
8.371926513983165563e-01
1.031123747786000910e+00
1.200539761565454944e+00
1.191807129390640263e+00
1.040322939537551505e+00
3.143669267356020286e-02
1.125057579044196343e+00
1.115468284632333162e+00
4.600779575355788409e-01
8.655081163913244113e-01
2.073796232233552583e+00
1.950336409594872089e+00
2.009982038338984367e+00
5.998149015896051539e-01
1.008010566627783912e-03
1.351931311110287845e-02
5.296275059160034972e-04
1.033020021699548208e+00
9.007904917938200917e-01
8.961775254260796464e-01
6.428150561096862559e-01
1.697245307793944502e-02
1.979988285508098300e-02
1.144101034316472365e+00
1.017218118762940771e+00
9.320128291747814542e-01
1.031860588112182953e+00
5.801345776901792872e-01
6.109090945278992102e-01
1.299535765527541631e-03
1.074066536635810865e+00
1.909379572451345639e-02
1.929684472418536467e+00
5.190706524013271456e-02
1.084095161429556420e+00
1.148482212319122509e+00
5.671215811770690118e-01
7.747775591515928539e-01
5.878279290236312210e-02
7.719339152472858290e-01
1.077672836279413238e+00
1.271788805185744442e+00
7.971590718747297855e-01
3.862538420745792456e-02
1.056062944311833007e+00
1.808465598141136346e-02
1.084724733818462239e+00
1.051864443594330734e+00
9.125111308591737913e-01
1.286010772141492620e-01
1.037983291986622092e+00
1.606303892178281734e+00
9.266858739553432978e-01
9.814188581397612410e+00
1.839640536902274803e+00
2.313144805721094599e+00
1.011824123343678217e+00
8.766858647750693789e-01
9.580241240481892628e-01
8.466653178681378122e-01
6.103824962108685137e-02
1.223917533678511971e+00
1.559153399730705061e-02
1.244568617712257463e+00
9.462303076799313262e-01
9.181671970230717017e-01
1.078479370124749481e+00
1.127811623552722686e+00
9.102463600262400423e-01
1.088393502490117459e+00
9.095127842240728899e-01
9.067717832345079110e-01
2.344754830729760264e-02
2.012124493535585312e+00
1.086974699764889085e-01
1.019029699787084908e+00
2.001910593910131375e+00
1.240886354005310277e-01
1.577660222572672577e+00
5.599464122786790288e-01
1.758301529579958444e+00
1.104239646290821142e+01
4.555188678930877089e-01
1.277855950023586429e-01
1.001008172757422043e+00
1.011727088734694302e+00
9.518908145810965893e-01
8.121057002080336318e-01
9.784169503053418149e-01
1.604297494599675078e+00
1.088946076370583382e+00
1.009406084822197028e-02
5.684843728828575804e-04
1.092361512007632873e+00
8.489198703071966223e-01
1.188736146539042249e+00
7.097068027194811668e-01
1.281441053834803112e-02
7.967323360458467008e-01
3.152296351315291706e-03
1.057553724067440193e+00
1.465640959333828000e-02
4.039370109784505558e-02
1.080034096776625319e+00
1.146497282451431232e+00
6.942193699619497727e-01
7.184384632850703001e-02
1.106409049300229874e+00
9.446625953829181910e+00
2.009277751980804300e-03
9.612233588949117280e-01
2.803151692206243162e+00
7.952137207137379704e-01
1.822114585901983386e+00
1.119283748971473313e+00
7.905011720193814151e-01
6.713910262065813078e-04
4.128085068352554954e-02
7.590821222430739479e-02
8.808751574276227903e-01
9.635203530013034534e-01
4.082492797984442312e+00
2.386294671025786934e-02
1.092009530038093833e-03
7.723691115231255955e-01
1.180103472580305679e+00
1.481168939128309159e+00
8.406200639657388507e-01
8.887777245777346291e-01
1.213233743525151016e-02
1.601461559189337053e-02
2.140104624147265086e-02
7.172386065387279519e-01
6.135095884772888697e-01
1.085936958783477735e+00
1.097889350147329690e+00
1.145607298636526217e+00
7.996491518358885831e-01
2.676015067270457598e-02
1.724894737064473424e-02
8.239176790982266629e-01
8.652469310114646595e-01
4.749716048024940629e-01
1.240370329408855499e+00
8.603903779760398995e-01
1.797038626239800818e+00
1.275254047066710639e+00
9.778278541306620886e-01
1.902274231231396162e-01
4.486552139878777906e-02
7.482805856227127128e-01
1.218328910542476606e+00
9.503387247162461415e-01
1.787911378851574806e+00
1.105649483881366191e+00
4.593096166704363492e-02
9.715442676488175167e-01
2.262848243400111120e-02
2.853497954761943095e-02
8.175099926718808474e-01
1.334364658174595937e-02
1.066815966475494593e+00
5.375394430606480478e-01
9.773699626043884647e-01
2.725005894831213429e-04
2.509000810140398635e-02
1.117329846729399279e+00
9.850334536996636636e-01
3.257316353458000746e-02
1.212649603366362294e+00
1.058878746134972904e+00
5.149315209887451728e-01
7.113002559943527592e-01
5.277118914596949650e-02
9.468571239060442624e-01
1.068968540128335087e+00
9.886472044786809299e-01
6.663781014288773230e-01
5.243486550881584218e-01
1.031167456480773126e+00
2.278953106949429402e-02
2.060577330793347123e-02
3.196058226812929434e-03
1.644064220706423773e-01
1.942085496123137078e-01
1.220726385776588874e+00
1.042567722773947159e+00
2.135446644790340090e-02
2.041265581437236298e-02
1.301421849388979979e+00
1.383035806555921177e-02
1.062645426065415233e+00
2.697076553376635211e+00
2.108207372186079454e+00
9.563965312027944421e-01
1.764102048205097306e+00
1.154679636239051010e+00
1.105007041304784998e+00
1.137335846440204801e+00
1.145642736698866626e+00
1.187228469058384750e+00
1.906502588485261773e+00
2.822887905532626363e+00
1.020406085908499350e+00
1.129710160435845046e+00
1.829211893648998721e+00
8.513743137599971700e-01
8.741046264634140250e-01
1.082215158457060289e+00
2.963479332173617031e+00
9.844123473855644069e-02
8.462860170702231066e-01
1.673074802731241636e-02
3.588261139792978116e-04
1.089810223931943600e+00
9.239277309545971262e-01
1.113127169993299859e+00
9.738522716215732011e-04
1.742025049821591814e-02
9.718246650689477129e-01
8.442906443114679416e-01
8.699390317315414123e-01
9.479521624359100729e-01
3.142002894027630666e-01
1.036316804469233022e+00
9.334957204638871797e-01
7.857798915878574930e-02
6.722768131791874782e-04
3.342053519121746669e-03
8.643136696069372293e-01
3.139159856101502930e-03
9.205806518264585403e-01
9.892271434320565326e-01
1.073075566989023510e-02
6.978248888614378698e-02
9.812258440795387227e-01
2.594573491684260685e-02
2.090989858434779206e-02
8.682943644609512068e-01
1.143958985353557903e-03
2.244423392146568594e-02
8.905850132175747724e-01
1.855406668846232288e-03
2.334879804985454665e+00
8.462315196510479254e-01
1.069981231020209478e+00
2.511003042404894803e+00
2.177665271413980336e-02
9.279244379693377454e+00
8.575484460934423847e-01
1.130296971959376284e+00
9.852401864561796119e-01
1.143882250734689743e+00
8.966800750820371757e-01
1.034962638255787271e+00
1.536275396952008432e+00
1.025929162145597484e+00
7.620653635930043635e-01
1.128975471550207832e+00
1.066005653662645880e+00
1.813682639068304958e+00
9.645016312936020242e+00
1.128956761825622435e-01
8.856005813688764272e-01
8.459445943038430560e-01
8.841960988089430096e-01
1.137328604126673026e+00
6.954670501571985630e-01
1.998834106682865208e+00
1.617119784553348261e+00
9.831604159020769229e-01
4.561096252516799732e-04
1.611072111237621743e-02
8.372321861696527812e-01
1.012417524313938832e+00
7.060827615876028585e-01
1.229681549116480088e+00
1.230841080370174007e-01
9.196229659009894419e+00
1.135996907480374407e+00
1.466083786987530668e-03
1.022550095931845870e+00
1.786359296285404019e+00
1.136081692372175267e+00
6.707811180397870165e-01
1.127236833777903291e+00
2.263877121382713575e+00
1.086924921911545772e+00
8.636607756541467840e-01
1.038967676000529305e+00
1.594121414405929443e-02
9.643341721777021203e-01
8.599106988627560622e-01
2.747456386531838685e-02
4.042761593594752095e-02
8.570892649207202396e-01
8.687195412937692707e-01
1.427113692916753829e-02
1.798362489966212729e+00
1.130434737184363714e+00
1.349916647097085254e-02
1.017140458960395441e-03
9.842676844487892041e-01
1.582226976612537313e-03
1.928901007034566906e-02
1.030899024032356115e+00
8.130299826744137093e+00
1.005008202057664768e+01
2.095636796903120602e-02
5.889517294229147382e-01
7.863721445388499598e-01
6.252987642052389994e-01
1.515730192972096768e+00
9.472948931802785966e-01
1.206614397104333741e-02
1.816238890581746424e-02
8.656904409988637195e-01
1.088598760425374401e+00
1.152146553199437484e+00
8.561651209753151637e-01
1.027058302910121901e+00
1.075902983583451045e+00
1.240964537584563487e+00
9.381071733729395845e-01
9.192116556162437391e-01
2.397364997882978077e-02
5.397537958538460856e-01
1.165541111467984337e+00
1.002659679145910809e+00
1.089793067883848554e+00
9.950289402826446583e-01
9.692555544420797808e-01
9.134344600580864837e-01
8.645558014943575120e-01
1.814743744978600803e+00
9.207333834397583017e-01
2.415179173062416765e-03
2.420210060059992813e-02
1.528507747308258113e-02
4.979224309769221257e-01
9.882686715922036624e-01
1.028916189462097952e+00
9.940909602755230168e-01
1.336591374104921515e-02
1.084456068100811965e+00
1.176957132687059593e+00
1.609880768275485929e-02
1.188265225225578314e+00
1.152378476633578952e+00
8.188278550636303166e-01
1.147035719821409394e+00
1.194636256525332188e-02
1.164177804834930274e+00
1.804540239378052968e+00
2.535180981593070787e-02
8.195469636824070925e-01
1.270863222026009209e+00
9.409140173000489771e-01
1.056834750484535013e+00
9.676617042498934396e+00
5.734706005140045859e-02
3.265243772388828382e-04
9.766697958070489349e+00
2.389915677068063793e-01
7.001463217036664188e-01
1.082966521683562888e+00
1.061180052365676030e+00
7.725281939205296267e-01
1.030179744221690452e+00
1.006042711275116242e+00
1.112688773057256997e+00
1.763621527011132395e+00
1.180318918725240085e+00
7.011639360866213089e-01
1.718385942178296977e-03
9.019745997815046268e-01
8.011801228208663694e-01
9.341858092487854037e+00
3.100141289025275942e-02
1.036220136593030583e+00
7.400300471027864146e-01
3.586848072662645465e-02
1.055993593370986083e+00
1.056571406587676343e+00
1.651657132999315158e-01
1.804352453697805725e+00
1.044995776793855136e+00
1.973395666592108605e-02
6.564606175363482121e-01
2.028912532853408002e-02
2.286537326098779521e-01
1.835050851315244147e-01
8.108161435701827235e-01
6.163885364044168202e-01
1.103225678706862389e+00
1.285352914912241129e-02
2.488275832341976523e-01
1.117887095295555078e+00
2.321919743960949023e-01
3.238077365473214508e-02
4.392218992798678778e-01
7.973240613675026678e-01
1.439833193971318780e-04
1.279481680692780982e-02
1.088068975391001114e+00
1.093978835985981446e+00
1.419960607327050539e+00
1.248972230594325161e-02
1.120363093890291317e+00
2.232728367663721958e+00
7.292361874738720329e-02
1.383074914537917380e-03
1.304074292746348895e-01
1.048624363533197323e+00
2.690572400602573785e-02
8.662538740003157267e-01
5.775637995098240052e-02
1.642095126051349580e-02
1.165744843760696314e+00
1.184742772035843661e+00
1.076424183147969282e+00
8.049836225733014716e-02
9.069658309858370515e-01
4.852466720707800454e-04
1.137506612843496301e+00
1.069574189335642300e+00
1.962658025543583262e+00
6.595393277860781556e-01
5.788240659388921294e-01
3.366828310581605060e-02
1.034715583223235535e+00
1.580933937704667031e-02
7.283970818378594780e-02
1.098491952030308028e+00
1.144456255234314490e+00
2.006955390115229554e-02
1.026963102540356276e+00
9.307458918925550773e-01
6.335129270195611895e-01
8.785374134503724439e-04
1.549538003946966929e-04
9.660261230468575988e+00
1.114561319875072121e+00
5.985180202762920704e-04
1.033892949414977114e+00
1.094158307572030253e+00
8.102471248137843585e-01
7.833799457566551494e-01
5.381779892978167945e-01
9.874222125083084167e-01
1.076936601102052915e+00
2.024295213979107722e+00
6.974889525737243412e-01
8.560871462436011603e-01
6.944631395794341744e-01
9.931084896989723632e-01
1.038878250583672669e+00
1.753294388346255728e+00
2.497483790429360972e+00
7.946785357179110554e-02
1.169786382073435993e+00
6.250455459374728573e-01
9.017932394853572786e-01
7.738995715234286976e-01
1.076404338605318589e+00
9.475257027551639566e-02
4.224844534539707458e-02
1.675775605562901047e-03
1.087460250970123443e+00
1.088225916992137332e+00
1.134592672002388225e+00
1.060454948854226753e+00
8.225073179957431702e-01
7.704154017728676029e-01
5.792774170907876163e-01
6.948388871491237850e-01
8.460074613487189588e-01
1.119604854829371776e+00
1.085036729502780295e+00
2.610748265701746007e+00
1.105991515872416286e+00
8.763956825332885892e-02
1.843841789939984765e-01
1.131951859437426433e-01
1.053737711733817140e+00
4.621339536331966480e-01
1.101036692823598173e+00
4.858783011033560584e-01
4.026588262115881056e-01
6.752776098195796273e-01
9.733580745701240211e-01
9.597155307525225831e-01
2.282690192599477405e-02
7.421034095627367967e-03
2.339742632159711455e+00
1.073422600664426518e+00
4.074359460935107480e-01
9.747881233611918050e-01
1.146160290894003397e+00
2.635296588040376281e-02
2.692735175559316310e-02
9.243482117914763041e-01
1.051578218205719617e+00
1.105509085092142740e+00
5.113407420118867286e-01
9.138868341230683701e-01
2.636581832107633083e+00
1.925300129586962616e-02
1.092149812896159533e+00
1.053233748493050514e+00
1.761525181573305066e+00
1.013875067152167464e+00
9.768723865313094779e-01
6.419198444408743542e-01
1.967083231611289895e-02
1.058099407845698448e+00
1.008054993679261546e+00
2.212244684325067462e-02
4.869665424949804963e-04
9.324160677972476163e-02
1.041225311320404856e+00
2.152287129834500046e-03
2.469435615277853352e-02
1.072473320814910869e+00
1.940161940190553158e-03
1.884583673805999282e-02
1.153619915449296984e+00
1.112059093609780280e+00
8.177687364236816414e-01
2.224906562809814581e+00
1.221522928606711966e-01
5.745158363731781570e-01
7.455713183679207878e-01
5.069190515156821175e-04
1.258285712905707170e-02
7.380977050172516929e-01
7.096496051415841777e-02
6.657676783387327102e-02
5.448605298770878846e-01
5.933909869029909689e-01
1.088440410626421384e+00
