9.051137970338724026e-01
8.782947386640784782e-01
1.029712889476259496e+00
7.683488929317073834e-01
9.244155598945763552e-01
1.847561126138034041e-02
9.699053141723636973e-01
3.914203893224918462e-02
8.756573078199442861e+00
9.412427950634879581e-01
8.453347792963252783e-01
9.118049251434445779e-01
8.939541249667629641e-01
9.258553060147541869e-01
3.342756031145199813e-02
7.967252252107562827e-01
9.721476357473400887e-01
8.388280057441198645e-01
9.771835998684194280e+00
2.177440824370012518e+00
9.999365541009391123e+00
9.172857187331299178e-01
9.033341048671931217e-01
1.137163520642684889e+00
1.074372910487907395e+00
1.243882325754012586e+00
1.122158607980286993e+00
1.101745622240519529e+00
8.516608582634586089e-01
9.440813283850347792e-01
2.362605570694206403e+00
9.887175510347920859e-01
8.113990561535104618e-03
2.599057698527987986e-02
7.763471229469041113e-01
2.621695539400240804e+00
1.225132948695761392e+00
2.369997332539625079e-02
6.006092479896464609e-02
9.508701803479152614e-01
1.145709662901030157e+00
1.830177932530795831e-02
8.103278845808669084e-01
1.978065409129500102e-02
1.094680047441705995e+00
5.692215438147282258e-01
1.192314278146348716e+00
1.049586126225910299e+01
1.275500948923804945e+00
4.110339602485177379e-04
8.450554376443450977e-01
1.024453791165428340e+00
8.706080524245760621e-01
9.581884233478300539e-01
2.778974586915548828e-02
8.566082281902606121e-01
8.993570851868734062e-01
8.899864102576809932e-01
8.395500710798077248e-01
2.485581590459378862e-02
1.029364115326422580e+00
9.713602571201384039e-01
9.131505244439566127e-01
1.195501199026807404e+00
7.992943404777521632e-01
8.915506020699197620e-01
9.709816411171612316e-01
1.095017944278860966e+01
7.648530225743322974e-01
9.262204330142380648e-01
2.621987025588892045e-02
8.610395157870471827e-01
7.250591245227102632e-01
8.757275908596167113e-01
9.886042702551296746e-02
7.622657490669795255e-01
1.076039505028790533e+00
6.516404397540727367e-02
6.984099753195167626e-01
2.323168526059102845e+00
8.957861775533306758e-01
8.463567635422605262e-01
1.652977571307752802e+00
9.277794889588806271e-01
1.166749695000927955e+00
1.470529552731573292e-02
7.679953582062614137e-01
1.006453787689534307e+00
9.496005568288852672e+00
1.182772704289259735e+00
5.491163861799482765e-03
7.895619620108984549e-03
1.020610579466756151e+00
1.006284629487392168e+00
9.699484229015875592e-01
3.492763649156797878e-02
9.104097046553673023e-01
2.946808723730599128e-02
4.393323500807566062e-01
6.254276004973541997e-03
9.696342716581103360e-01
1.117791412717413113e+00
1.160569232733285272e+00
1.011241226174989682e+00
9.089547650863742945e-01
1.070548752325391595e+00
1.512415554511828408e-02
7.738343927285812329e-01
6.716568885634763841e-01
1.622639231978343644e-01
8.371967649733648154e-01
8.856643581746086180e-03
1.349791571318659233e+00
5.739408534172918408e-01
9.842108718101565401e-01
8.434799742421181801e-01
8.632355338889659002e-01
1.135029164717197947e+00
8.915718569158125328e-01
2.281064785375760184e+00
1.005285348379956201e+00
1.091068957017019558e+00
9.844228789211014075e+00
8.852213205092446247e-01
2.004301944051018580e+00
8.459108251653411070e-01
1.106035953349948420e+00
9.168102044511510229e-01
2.301046211011997106e-02
1.959980709501650195e-02
1.852177197670439035e-02
1.184088259379216135e+00
8.475083295109261394e-01
3.616516856307819827e-01
1.700528500056360014e-03
1.589139672991016772e+00
1.093611002090590922e+00
2.681406281421492732e+00
1.151396195477800033e+00
8.880227390257793285e-01
2.288430932199942536e+00
1.970979522695408964e-02
9.280486608813455218e-01
3.102907837455698425e-02
8.714955801902647403e-01
3.606163754568723900e-02
7.751926381454335435e-02
9.877884387494999530e-01
2.638712216832781454e+00
8.983951449309938164e-01
1.081937021537848320e+00
7.931912311610280764e-01
6.082381320193631577e-03
9.901268407015155759e+00
4.882116902215366538e-01
5.068540371266408995e-01
9.538261650070809505e-01
5.352863130490465027e-02
2.200017843923510880e-02
8.945471633610911910e-01
8.209165534345207182e-02
9.157653066022277688e-01
1.154007622704037672e+00
6.879201339312150144e-03
9.667260774926172973e-01
9.363455296382158233e-01
2.618052634703043946e+00
1.224352114268988101e-03
1.202911443182823392e+00
7.749395342737280812e-01
9.659621173893512269e-01
2.514524402842057207e-03
9.441384379949984140e-01
1.065161134226055184e+00
1.059592062537586754e+00
9.436650091300623489e-01
1.142173480108305883e+00
8.319791783147125752e-01
9.424169984642092324e-01
4.360864371376334536e-01
8.626192074797727205e-01
6.398253008247658524e-01
9.619640690092922525e-03
2.954977352176344635e-02
8.772285259356537024e-01
9.625271090457101358e-03
6.368523773664281906e-01
1.071730531666165512e-02
6.863737240436849213e-04
6.470736097424573119e-03
7.241235203302347490e-01
4.367586029793799757e-02
9.218810254953271333e-01
8.051144847997846465e-01
1.577177478901080065e-01
2.260526190754472253e+00
1.044075688933259638e+00
5.543018466821250101e-01
5.845850270570736307e-02
9.450579513543591048e-01
9.131288022641933511e-01
2.994837776149131964e-02
1.634994501595377625e-01
8.689155952389697457e-02
1.492068334044563516e+00
2.427036294046128195e-03
9.851097050908360631e-01
1.205204127275933734e+00
1.971033504980660434e-01
8.670220000162141005e-01
9.038587599753340474e-01
7.509645268360827242e-01
2.860855643070924631e-02
8.495903855631641299e-01
5.303678840823958796e-01
7.882108255676463671e+00
8.355605085218547057e-01
1.186698817588373256e+00
7.816120835206561424e-01
8.864862682845641162e-01
1.812524511780340353e+00
9.608499409120513368e-01
1.073347095202838108e+00
1.165919371852084607e+00
1.981438298638847462e+00
4.676755398631860516e-01
1.648886043480822572e+00
9.110927297362018118e-01
4.825295711701671486e-01
1.072698128548493557e+00
2.461744370095846068e-02
7.422998310307866721e-01
8.780496639855921437e-01
5.138442749475948812e-01
1.095350470230108453e+00
6.202110775757129213e-01
2.359624241710974249e-02
7.016696041352153690e-02
4.131375109541098045e-03
7.582611480640624180e-01
1.919068366722370467e+00
2.852189046635587952e-03
8.518184383410600802e-01
8.161651223608776817e-01
8.916011217556002455e-01
8.562471744860745693e-01
9.437980105809070652e-01
7.002617140205447122e-01
1.166302341271727334e-02
9.239446763071505586e+00
1.280033756768363506e+00
9.940452571674868176e-01
1.185038026220389007e+00
4.535249309390015915e-02
7.060278961148518384e-01
8.253335124755045715e-01
9.678470127321130156e-02
1.595647462431036279e-01
1.033554136795266309e+00
6.651942056836466222e-01
7.460902853010868974e-01
8.105380870162902651e-01
1.009145240215319816e+00
8.661573314396646683e-01
3.010461370209098833e-02
1.666087044163539616e-02
8.800377475144461892e-01
8.424741280475735866e-04
1.255625678511772605e-03
6.352560852186665136e-03
9.929917072799281375e-01
7.624443561801079738e-01
8.829463046100658463e-01
8.943948329797078989e-01
7.953484377391840665e-01
7.856511425982211083e-01
7.252987382795991755e-03
7.635149851493369666e-02
6.830153794628074371e-01
2.990477332658793286e-02
1.055275733341023425e+00
2.043596317553411645e-02
4.791298100297308044e-04
3.326250077600543392e-03
9.673110509045876326e-02
1.175235793675418083e+00
1.116664689033305846e+00
7.815101647556158548e-01
8.483621044192947158e-01
7.377432756886649345e-01
1.809964248084917349e-01
2.300860909349225145e-02
8.773063985010722377e+00
2.506724445132801557e-02
6.791834909597935788e-01
1.109793115009406916e+00
2.824863929060618339e+00
1.031729301049786995e+00
1.109402364689197729e+00
7.923281208910616380e-01
1.611744365291972736e+00
6.276094840251666279e-03
7.999895868044898384e-01
9.302736201176158293e-01
5.230670479510951543e-03
7.797281611457230754e-01
1.038610645791196951e+01
5.775327615858721897e-03
2.850589112694448812e-02
7.159317451113586528e-02
1.185296062723738331e+00
1.864290407731292523e-02
1.580070359297245819e+00
2.139574856804818737e+00
8.165882335948601023e-01
9.721241036542962455e-01
2.539055602003932599e-02
8.001699296996355182e-01
2.467354022783037060e+00
8.859913003216707272e-01
8.306173253799835343e-03
3.589694157292282542e-03
9.691929037481405995e-01
5.845236932431914223e-01
1.071496547016915102e+00
7.771063459504602422e-01
5.878995768299870583e-01
6.786279517074549072e-03
9.215998426567060253e-01
6.260886044120788085e-01
7.071391357165277558e-01
1.621868061952470852e-02
9.954447845089515745e-01
9.822045280350907959e+00
1.046535481101864423e-03
8.904660789702584234e-01
2.315426927595402862e-02
1.025094433117005543e+00
1.078533298934632123e+00
2.030735464827877923e+00
7.205657597617231014e-01
1.093373327051148314e+00
1.058830770256984133e+00
8.449044434908634452e-03
2.298289478515481488e+00
6.417943355749969880e-01
9.933088712849803770e+00
9.452792917911554404e-01
2.441036854076532661e-02
1.075966874861375100e+00
1.964014396381353889e+00
2.085174881136266922e+00
1.045713655481283588e+00
2.874549765754419624e-04
9.987749344283003428e-01
6.024537343927680727e-02
1.422539692272058176e-02
9.675431873634886548e-01
1.092096368766617864e+00
8.514756166622706735e-01
1.147836755147678689e+00
5.383611399877736847e-01
4.665511050253814407e-01
1.001743816608581472e+00
1.176207555591724851e+00
1.057195539301210907e+00
1.123003435952298679e+00
9.171421828682080335e-01
1.091015449849350061e+00
7.660313467003023735e-01
1.134294924006491734e-02
9.940899337587037754e-02
1.104017274826815553e+00
8.632930735806521039e-01
9.500085976123985310e-01
1.256580531360289132e+00
2.446632604142483236e-02
9.042389953772037581e-01
6.135626156226308553e-02
8.605980487614675045e-01
1.934704299280301631e+00
1.139067326548191872e+00
1.091328988361782271e+00
9.317675356085157734e-01
1.150552350119465439e+00
1.083659314326243628e+00
9.503979894318137500e-01
1.066583378025466322e+00
5.576105947784137928e-01
1.023748747581708196e+00
8.534189539157157611e-01
1.965164577225490122e-02
8.174723601689580788e-01
5.401337068992916324e-01
8.595650235399270311e-01
2.612187666790553170e-02
6.369284174644120888e-01
1.013110261163645623e-03
1.946719394372986023e-01
5.659375848728924463e-02
1.074967967217440368e+00
8.613910871481614828e-01
6.864515254044243828e-03
9.134612626916396305e-01
9.257772741119125737e-01
7.605621558795429005e-01
7.019262391645497701e-01
7.003923896039510044e-01
1.322022774961814362e-01
6.539660238184314967e-01
1.032712788676638738e+00
5.083462647088552444e-01
7.493193817570202864e-01
7.160120760142787977e-02
2.372335302563415016e-02
9.123626882342873445e-01
5.360920985353093693e-01
3.021383871857079295e-02
7.813579218079460542e-01
7.884823622091895468e-01
9.322741248363276834e-02
1.031261177034553445e+00
8.170876907541490652e+00
2.252612594974804150e+00
2.451902312503397713e-02
3.104664240109034079e-02
8.174270265229430787e-01
1.120956458650054666e+00
2.411675477371404419e+00
4.290965944746246569e-02
8.405784970688016111e-01
1.083423708404918973e+00
8.880451037898652311e-01
1.675062975559381773e+00
1.481772953523699421e+00
1.187556173966088958e-02
1.056887915056220928e+00
1.152521048320998887e+00
1.173672186079457891e+00
1.733799165433178718e-02
1.171886562104806684e+00
9.996248400418717983e-01
7.910888740610829695e-01
2.251800818483487565e-02
8.480636472423123129e-01
8.413291157022578792e-01
1.101246581911852873e+00
8.440078591945891162e+00
2.736826023159799615e-02
1.000423359358201925e+00
1.697680856987800191e-03
1.401004408948906474e-02
7.673712982728815059e-03
7.558538808192466485e-01
7.311993899114681561e-01
7.666318451528041367e-01
6.854504836871976314e-01
7.266365750743226937e-02
1.159154726514059597e+00
1.112059198370170199e+00
9.653576574199167482e+00
2.612979165503759998e-02
8.540193746258294416e-01
1.141597690907837581e+00
4.310322740602938740e-01
8.099792848060199946e-03
3.371269769135393918e-02
1.450783691952474246e-03
4.021858290059956292e-02
2.680670996933605388e-02
9.959528595044004895e-01
1.200410665866829429e+00
2.603774455386877573e+00
8.928405025970409525e-01
1.080404051432666046e+00
9.777821395575665431e-01
1.108483175820963673e+00
9.572506031392543635e-01
1.062645092980393891e+00
8.445869732846654765e-01
9.819103476230268690e-01
2.079676574036512238e-01
3.079626945957483763e-02
4.876706660879032151e-01
1.099964616552577379e+00
4.604392552044023895e-02
4.352819689574871989e-03
9.279148680749726985e-01
7.309631193549069594e-02
5.841567521830447474e-01
2.445474793106580669e-01
4.844841855857127955e-02
1.564939347306441159e-02
7.497386724957492143e-01
5.794656399677594605e-01
9.500520325387866102e-04
7.674353245182770067e-01
1.294260479012554824e-02
1.110294312295229568e+00
5.692433812642992697e-02
1.082084306726430079e+00
2.379274345200189433e+00
4.369207802254985173e-01
8.220317636326933408e-03
1.238257610781007267e-02
1.121206293341561633e+00
9.113745004848100573e-01
4.420868891287496050e-01
3.486700339613955923e-02
2.394282817603390345e+00
9.329726468488706015e-01
3.004850942945087346e-03
9.903725415510908903e-01
7.206768482038718518e-03
1.137657709032982911e+00
8.744280849555015056e-01
1.019694950562521019e+00
1.146613575593840917e+00
1.510927385803224020e-02
1.185787133044430286e-02
8.387944942479232946e-01
8.461470652019438266e-01
1.184887547302785338e+00
1.203302132698726323e+00
3.272792094916386618e-02
2.238815255849930352e+00
1.210844982487736116e-02
8.460827633083356503e+00
1.039667364081793499e+00
3.495335194236451337e-02
9.386521948621977529e-01
1.848845455086126771e-02
9.770073977197425208e+00
1.241059523466035014e-02
3.107964888467368292e-02
9.953896001884523503e-01
1.030905119062208719e+00
5.538967409402642539e-02
1.795657064257678154e-02
1.449033048773282484e-01
1.161848527333009029e+00
1.103226234924714166e+00
9.356570707996236802e-01
1.128847942239157742e+00
8.186591314047385604e-01
2.174629771033380621e+00
8.313712454631108084e-01
1.684335999869618350e-02
7.720379769856431373e-01
1.023206317063803050e+00
5.219417778232789962e-01
1.187394011669552496e+00
1.102379259915762244e+00
1.234487819220294380e+00
1.165439304528726350e+00
1.552698575017412708e-01
8.487095254991017246e-01
7.667598796972694419e-01
1.119942049061703582e+00
3.917328770008649680e-02
1.712281026765677616e+00
3.239051117602187446e-02
9.241199971773380803e-03
7.401940534882941458e-01
8.823177224085272385e+00
1.181009826497729343e+00
1.584203536036086213e-01
1.152958751514776385e-02
8.682795168165811095e-01
1.052252736793969579e+00
9.603371861130066023e+00
2.027472665467540125e+00
1.830712187711834193e+00
1.127157718331188496e+00
1.738777559034335868e-02
7.415782353809299288e-01
1.008913414230673267e+00
1.393752175237143787e+00
6.981880342011806406e-02
1.933999737201860691e+00
9.491411681739042594e-01
8.980991088772825037e-01
1.750491391548427700e-01
5.691576633349913761e-02
1.277918692996017069e-01
9.407185450049102560e-01
8.205845790542608542e-01
6.159090816616845654e-01
2.234800121229714095e-03
1.703024343199325052e+00
1.180056796328603719e+00
1.224817848267372236e-02
8.405658252384878848e-02
8.911791368720578532e-01
1.764250611957476206e-02
5.410617644100735868e-01
1.075713392969408932e+00
8.393262085666644001e-01
4.902814833179799936e-01
1.030379526805364598e+00
1.078346255534351705e+00
1.184411189294387379e+00
9.566002213930260289e-01
1.116366593917403893e+00
1.039808403506742085e+00
8.096549528370119431e-01
9.682818089985423260e-02
9.272426462485187315e+00
9.473025077938993732e+00
6.296666220574776984e-01
9.842371303996482190e-01
1.120548841436565413e+00
9.531309503001604566e-02
1.050065673342947203e+00
1.072710544106914021e-01
1.549191725102843156e-02
9.427920376975964523e-01
1.615897979678158736e+00
1.336158670865203346e+00
2.356986059885017859e+00
5.730807887294270264e-01
7.286532519798670331e-03
1.061913036875888672e+00
1.688644660858126118e-02
2.178570786776269641e-01
1.109070694050064754e+00
7.491581608269652290e-04
8.371820103390128498e-01
1.089152369819672561e+00
8.903523257579924396e-03
2.096549037439715768e+00
9.945077744594523761e-01
1.416394262116651426e+00
2.798525115179646694e-02
6.776691221279507182e-01
6.944434072843627681e-02
3.426077980024765796e-02
1.934911520366747739e+00
3.870279838039336617e-02
7.439548217817903986e-01
9.679813968657932088e-01
2.496780616459497171e-02
9.826108486921512508e+00
1.114389712090170015e+00
1.172156068641123206e+00
1.047169438680565889e+00
7.370409773117216901e-01
8.148358812913887306e-01
1.065230570039455760e+00
6.008142360380651636e-01
2.270227420446578215e+00
1.892435170505936348e+00
1.584631314523737289e-01
1.139073129685411301e+00
1.388190427871053734e+00
2.603141893757821360e-02
1.388339264872993306e+00
3.350433271137892577e-02
8.535450566128521821e-01
9.836898607515253801e+00
4.508280305156091988e-02
7.859508767991983946e-01
1.755298748442728554e-03
6.472970582230962860e-04
1.513017806471444494e-03
1.220886448629386667e+00
1.143250165549687496e-02
1.000376712790295919e+01
1.049861664561388519e+00
9.074527740802231790e-01
8.864638902742285609e-01
1.710625881796546288e+00
9.153953191807845613e+00
7.832210690854618518e-01
9.592457511412223470e-01
1.938389282669565894e-01
9.867022908684036642e-01
1.186409074933558738e+00
1.824389927250298138e+00
8.518023690466003384e-01
4.522876509653548371e-01
1.101359787383211254e-02
2.254367527625770418e+00
1.644212127629898434e+00
9.193469405179944820e-01
2.281254091037446252e-02
8.101985183312657504e-04
1.044285921370604830e+00
8.504665813926910456e-01
8.306490894171184580e-01
7.401823382102062920e-02
5.967179291219627119e-02
4.623725844622074074e-03
1.120083564885698379e+00
1.070946621737454002e-01
7.999424003510203773e-01
2.154799215228940176e-02
1.165657555152124214e+00
2.014200271934916270e-03
6.676534461042159529e-01
1.409823399596713683e-02
1.994631021750462724e-02
3.782532377617580516e-02
9.109003113113537609e+00
1.075174134479161214e+00
9.013291770832623229e-01
6.037967715230010413e-01
6.279089880750969854e-01
8.734021616567385626e-01
1.488861059247353902e+00
1.083241472730963814e-02
9.627763076439137535e-01
1.089705966871256537e+00
2.133398689979916774e-01
8.567745487237726776e-02
1.458079073716322949e-01
6.375158152764122121e-01
8.862725258942834028e-01
1.663158268448136301e+00
1.400123863633709331e-01
2.536393057257068945e-03
7.317275364648129221e-01
9.209830896420844182e-01
3.233688659393443854e-02
1.448170980987828482e+00
2.907541230853439435e-02
2.868172692604522775e-03
4.117415036918180282e-02
5.144076741052383550e-04
2.532245332633666079e-02
7.373202314560023396e-01
9.467920282821864486e-01
4.043406572702071961e-02
8.596600101440784458e-01
6.100421682606941287e-01
3.997183933612659043e-03
8.844249178334475658e-01
2.091554343543235162e-02
1.105021949842611484e+00
1.019979232099206046e+00
1.158947097353949962e+00
3.084119006394754614e-02
5.042364806254749643e-02
1.505689532877543466e-03
1.030512278136056725e+00
9.458750532000003153e-01
7.907479462203046428e-01
2.226402736154135809e-02
8.486842398511168506e-01
1.358031944525173781e-03
6.141278253783239993e-01
1.167037309034254955e+00
2.620372170930444430e-03
7.480568781648722076e-01
9.596917549028004535e-01
1.591553738574854465e-02
9.856050127968735808e+00
1.159230946313096089e+00
1.204227480323804417e-01
1.111261009987404735e+00
7.468221315003575889e-02
9.258923785553043739e-01
1.091081962890825485e+00
3.989987886801846934e-02
1.087623073301845711e+00
1.936177055965412119e+00
1.224479210478244040e+00
1.217479579810195611e+00
2.158966005284882694e+00
1.031464831750793065e+00
1.495009338951826861e+00
8.604740161734791837e-01
5.552725883635184490e-01
9.895666213395343247e-01
7.900785492690310940e-01
1.372683702977076425e+00
1.774219680355802048e-02
1.016272639128155131e+00
5.350041981693913762e-01
1.878889607419560737e-03
1.132829877799131246e+00
8.655813475389089184e-01
9.727421936173650252e-01
4.804609097491133740e-01
1.087314243328194152e+00
2.942418106364803193e-02
8.532463876451266971e-02
7.521897180374594871e-01
2.367991680700380908e-01
6.145695787601435089e-01
5.779405029190422260e-02
3.436089822311826081e-02
1.175329241526121837e+00
8.944599075781953790e-01
2.151967948673553371e-02
5.752454280578571666e-01
2.116244135436516682e+00
5.257692108230243785e-03
1.228943893600415782e+00
6.790463737219595286e-01
7.728224291935381629e-01
5.025808116634069567e-01
1.411222914761977032e+00
8.207644137075802149e-03
6.920505675685812985e-01
1.363592364336638774e-01
9.499400789627996389e-01
9.715027795211070849e-01
1.020725283048827370e+00
1.047607769789179910e+00
1.788612157372025502e+00
9.388822596882844262e-01
1.142475253380923927e+00
1.290249198310633449e+00
1.039340901217663093e+00
2.618308118333736445e+00
1.009321858345483047e+00
1.118715788374183173e+00
7.611162765848752398e-01
1.035567155827897892e-02
9.378150160644894484e+00
1.508811081064193926e+00
5.143618555618449661e-03
1.444689723169105822e+00
8.955469285682503555e-01
6.333945331663730013e-03
1.015070732496479522e+01
8.042724129721279258e-02
3.909123967103470682e-02
1.217971485237948938e-02
9.045182856028408658e-01
5.104851603811726424e-01
9.072370785444960894e-01
2.802191589197638305e-02
9.861306642473153250e-01
1.158203224806674481e+00
9.409052846666254855e-01
1.548772408471269652e-02
2.350314114610291272e-02
4.174727645070039905e-01
7.778341617564074051e-01
2.591505297388754792e-02
3.745796468684185754e-02
8.150574490167030728e-01
1.885641794667792040e-03
9.934555302360068563e-01
1.067723025259583070e+00
9.273216174914126197e-01
8.233602773051533763e-01
7.800705692578224770e-02
1.069084446995001159e+00
7.689798837465210424e-01
1.044130528639189759e+00
5.016757906513547027e-01
3.908575695892508861e-01
6.375982091416871889e-01
1.609231833726402008e-02
8.156431981442096024e-01
8.175465938353194684e-01
1.047959528623790357e-04
1.128291550005833699e+00
7.438322413803780675e-01
2.518813512528184528e+00
7.730637593390965456e-01
1.801637555521463874e+00
1.104823799695894504e+00
9.060236531061687248e-01
9.813336446934182167e-01
8.879436251643151035e-02
8.995299765001553427e-03
1.279434392876745326e-03
9.268191800392711954e+00
2.987478363170607831e-02
1.726219442057368852e-02
3.483721582823656737e-02
4.878797887851250015e-01
1.052496505477344968e+00
1.287004939046199406e-02
8.769846539229295690e-01
1.689745126305813860e-02
1.143583343036726818e+00
3.676611172559773877e-02
1.003282528084433300e+00
7.215117023775082794e-01
8.773144929686267357e-01
5.269353019882840224e-03
1.081661044499876212e+00
2.715350855829272436e-02
7.629574306710827925e-01
9.706801021409015018e-01
9.856295944141338916e-01
9.407764695853081394e-01
2.237030251960542976e-02
6.696257776268433881e-01
5.482796995146003299e-02
4.342913909150679548e-04
1.106047851914046878e-02
7.965688052657793339e-01
1.995402786145453883e-02
1.349550958322075944e+00
1.975705156718532862e+00
1.624219309821382851e+00
1.062489977201340974e+00
9.667656554654389112e-01
9.446591954448886330e-01
7.873672435854872642e-01
5.463486456657675738e-01
7.687881767619703099e-01
2.678104590745007674e-02
9.652108954143041597e-01
2.940855859037334874e-02
3.480160628323542005e-03
9.277536253939647759e-01
5.319117233712003512e-02
2.178200431849658392e-02
8.045588515621792114e-01
9.350176971960408867e-01
9.173618988826593990e-01
9.623885601207682328e-01
1.066387026079485878e+00
9.996698344506337319e-01
1.198558061668102193e+00
5.738017480434381284e-03
2.942582453166247419e-02
2.818371366356640234e-02
9.392262783748957844e+00
9.204355930299672472e-01
1.113430563084792491e+00
1.173062938486882034e+00
1.213010692429492776e+00
1.150364661280117273e+00
1.224526119285773290e-01
9.718916934342485270e-01
1.323203257862276550e-02
1.444264809901415036e+00
1.547063682852271915e+00
8.455048139564464993e-01
5.772261497145303455e-01
1.117204695249750940e-02
4.114821989588736129e-01
4.963818022645029027e-01
9.457102679442234150e-01
6.911983604573535001e-02
8.541283349192060337e-01
8.062138826672071712e-01
1.096800883780671754e+00
5.296730486014811223e-01
6.749884578704710147e-01
1.159626541345969292e-01
1.455979592703788295e-01
6.429113854808408135e-01
6.571533825346049795e-01
5.159081604875337401e-01
1.031225251976867652e+00
4.591335136955996266e-01
8.497178436830311599e-01
1.672814739532452535e-03
7.052100592623067321e-02
5.543255141424527910e-01
9.113037847542451164e-01
9.828283620373707841e-01
1.034288892644793512e+00
1.060286243168943932e+00
1.176225784343973624e+00
2.380454595083012978e-04
2.252124346179954717e+00
3.032126964996058674e-02
1.383736220921305771e+00
8.898217252979661041e-01
1.105782836075093645e+00
1.009357208907577519e+00
1.122420814677810519e+00
8.129927264283886013e-01
1.001360708162503776e+00
8.120315403556664924e-01
1.059761234133294039e+00
1.084330929747282735e+00
4.882617286357648217e-03
1.111028113042095006e-01
2.746401020827295841e-02
1.052618095724041192e+00
8.711029577660273304e+00
8.398669301409645849e-01
1.004600734743896329e+00
9.541873022771145685e-01
8.733314209102998049e-01
1.370992717834879776e-02
7.415332202591859434e-02
1.392361580619282460e-02
2.822372557919885366e-02
9.986021594556788727e-01
5.279260036076972584e-01
2.301987349875363353e+00
7.814591389226761553e-01
5.388798440950449686e-01
7.992314653476947361e-01
9.001742646317516527e-01
8.292657143151298260e-03
8.542114168162026289e+00
2.047142436697458115e-02
8.243264365412611427e-01
5.269607112318308584e-01
7.686008367664005636e-01
8.699054348345157672e-01
2.642239920238248718e+00
1.507640366465762272e-02
9.682926209879595403e-01
8.752289704328779507e-01
1.145189619158647198e-02
9.106395705668908214e-01
8.148386217475949156e-01
8.473655777408606316e-01
5.607643681670672064e-01
7.431497993010550696e-01
8.079682271002579241e-03
8.927515940909530601e-01
4.160791113239420413e-02
1.748064738916561556e+00
2.502717479773989950e+00
1.414379248644840326e+00
5.608600814457929129e-01
2.542460668242341737e-01
8.068484447916546287e-01
9.969841188886352512e+00
7.787542842981649560e-01
1.847764223284302565e+00
9.712562007836009759e-01
8.588711104516437711e-01
8.577871795696495605e-01
1.169126697187403696e+00
9.788801159916091787e-01
2.145458793894542554e-02
8.084869092495826637e-01
9.390651278174937389e-01
1.115407714868273725e+00
1.972703278179479408e-02
1.114801821578444097e+00
7.603854062829278337e-01
5.016586807618010901e-01
2.513380318001074087e+00
1.702537701123407521e+00
1.183825409773211712e+00
1.681790152900855193e-02
2.500033988206139951e-02
9.449157060236934580e-01
2.357615768621936503e-01
9.098473724738179724e-01
6.985035800788824689e-03
9.164641842575298875e-03
8.177870780024025787e-01
2.273440332784463364e-02
2.095971867263405120e+00
1.409562065277376042e-01
1.629854067616434365e+00
8.839917243523173207e-01
8.337128299039737733e-01
7.566823836558601579e-01
2.424798665882109461e+00
2.050790972909868198e-02
1.438808203716084380e-02
1.656743007222930553e+00
2.331904673707514567e-04
8.360703573509409292e-02
2.708514268665094399e-02
6.822785064510719089e-01
1.096178343869476990e+00
9.878734316703113194e+00
3.843810437173894763e-03
2.507681001491432138e+00
1.026675446548099391e+00
1.624518373786725700e+00
8.588280323935544303e-01
9.891167206961116065e+00
1.626776318205353178e+00
1.050273596857329350e+00
1.023573369014107781e+00
7.764072300397457660e-01
7.018195258026236737e-04
1.870538273793551198e+00
1.116406085757877031e+00
1.547387227263776477e-01
1.897876608136665588e+00
1.076431421836629765e+00
1.006742474176614444e+00
9.737666680061111968e-02
7.854233399555977657e-01
6.696373925192792426e-03
1.269941428896752988e+00
9.246795681539980993e-01
1.143093790602776050e+00
6.094649134640085508e-01
1.673049159219693882e+00
9.014168212170786676e-01
3.325373386414805232e-02
8.541668708381348896e-03
9.163150378259752316e-01
9.286062882794717810e-01
1.042969623545660252e+00
3.266869419620294784e-02
1.171787449714439378e+00
8.363150302314013851e-04
1.575440827979273317e+00
1.178588063850954715e+00
7.974078650278138003e-02
9.645177235844104580e-01
1.063641646059263923e+00
4.335836575293083167e-04
1.125027639513930477e+00
2.113162756990013769e+00
1.055330890283157075e+00
1.090534363612079449e+00
1.494455408673894467e-02
8.287059006810540418e-02
1.024603508904189386e+00
1.660337528494440607e+00
9.913091205478312684e-01
7.829174413088746398e-01
7.431542400916891014e-03
1.195141279059884321e+00
1.004826262358723632e+00
1.011949755012828467e+00
8.859580376350316699e-01
1.719223774362835577e+00
1.065934739314579494e+00
1.056775615292510073e+00
2.450979576630210946e-02
9.337117859387983332e-03
2.323386879095577784e-04
1.778709122714779850e-02
1.303902837141662552e+00
1.608580468078515180e+00
1.010048014331385025e+00
9.256475662270855498e-01
2.493055631969134239e-02
1.468606044374572095e+00
1.224988342642808342e-02
8.359730879532682041e-03
1.067487666083157372e+00
9.893978981239197612e-01
9.667976768736380455e-01
7.971800154840686936e-01
1.126145616673950078e+00
9.441509100916022079e-02
8.975466080885501352e-01
1.074803804122694384e+00
8.380919544519843667e-02
7.971219970257943377e-01
3.909638340695750260e-03
1.208179725647538616e+00
8.216366779897171790e-01
8.148778789092845504e-03
8.842384185960995291e-01
5.470601593122452755e-01
1.431846446519248639e+00
1.199740692842478529e+00
1.278015346164034817e-02
9.892474662358968773e-01
5.997206861416867207e-01
1.091117963059074603e+00
6.229627125340777560e-01
9.772755279395305417e-01
6.100113163877096678e-01
3.373317914295206332e-01
5.831794757593473655e-01
2.272165642430167692e-02
9.901826559635805935e+00
2.705972147380193010e-02
3.944994048113577012e-01
6.595320762476678533e-01
7.708374409747378309e-01
1.010111844508307710e+00
8.247606285521495995e-01
8.566341854588890858e-03
1.052606253586077165e-02
9.882954216163956085e-01
1.460459876077112307e-02
1.008028094043167622e+00
2.333206047740485345e-02
9.335056571125422309e+00
7.829741730246312370e-01
7.577083491789157188e-01
1.060396013997681797e+00
2.192378011065174714e+00
1.122095905137092231e+00
5.823984933478710824e-01
1.018183057592124463e+00
1.102433843523466413e-02
2.443304046568499366e-01
8.834993058275585343e-01
1.018295637264258868e+00
1.136718984594722759e+00
1.021175374181807483e+00
2.834198152961003858e-02
1.011628629049045498e-02
6.581265721453746220e-01
2.396389973356612829e-02
8.143982669155509502e-01
1.079315435124490685e+00
7.722701180418068967e-01
9.319015737706694003e-01
