9.912962435349121915e-01
3.866435612716574016e-02
1.151343309570511009e+00
1.497703096392837691e-03
7.472622753816742236e-01
7.449833926488472757e-01
9.450640909005321166e-01
8.136430286280014190e-01
1.107736511348364594e+00
3.035948652345307058e-02
7.688724080347424383e-01
9.184822618968839780e-01
1.001843794900648010e+00
1.118006425918838698e+00
3.561869126042826322e-02
1.196062663622556171e-01
3.142311524701510983e-01
1.574306022848046105e+00
3.004515150721188271e-02
7.856333104962669456e-01
2.359660508151720237e-02
1.091547743243351798e+00
4.056791750653253315e-02
8.354387163525939242e-01
1.151764972800900066e+00
1.173689116127289545e+00
1.051497847443720879e+00
1.932060162030260486e-01
2.229136232378088611e-02
1.108333227035229740e+00
1.047032064480165836e+00
1.113710999835908044e+00
1.121766469943707323e+00
2.723446088936578441e-02
1.021899461975664725e+00
1.050754186969712567e+00
1.181403449708921416e+00
3.012901098802987093e-02
1.235714158092203308e+00
1.807415784076939591e+00
2.882208237861911410e-02
1.175020142460707628e+00
7.656786037442716575e-01
2.228791765620596887e-02
8.932842737113163567e-01
3.943615817023277126e-02
8.612712840006166992e-01
1.029877629090702129e+00
5.548225660240490242e+00
1.840785237912995458e-03
6.055214921079900003e-01
8.593870595011554592e-01
3.624850974773857065e-02
3.255787643084807892e-02
9.048143260701630552e+00
1.032422268672432697e+00
1.039788729586696547e+00
8.305765155832036672e-01
4.274895939965604463e-01
5.638840131479265771e-01
6.629791744960628064e-01
6.031766184158534605e-01
1.080715814017065179e+00
1.239109124310766141e+00
2.790234375476815382e-03
9.283036750271445037e-01
1.106805025591567126e+00
5.676929064641013101e-01
1.134766334086734219e+00
7.823437805405121237e-01
5.392064824091161862e-03
9.890340341094370213e-01
8.507041114736868526e-02
2.397894109805200763e-02
7.788273381266120898e-01
1.190706555834767366e+00
1.441445260779091256e-02
1.102051668543330365e+00
2.047487029359963628e+00
1.751800702674552346e+00
8.177772280229322899e-01
2.674575940426888662e-02
2.303288268448363055e-02
9.617556919486798528e-02
6.025019607180773562e+00
2.690637364297021952e-02
3.616461725877312960e-01
1.050149674528807697e+00
1.579627917377339139e-03
7.960709868480626838e-02
5.227588131144184080e-02
7.672846228982171859e-04
9.217852034079325740e-01
1.010612676605623927e-01
9.685175500834808382e-01
5.145004969250515509e-02
1.818630441349373017e+00
1.384256716811434890e-02
1.809373885910454449e+00
3.095221170765899643e+00
5.322196925311547394e-03
9.940790200434367341e-01
6.569986366998395999e-01
1.099800124079373775e+00
8.134551690803026869e-01
1.620122952740131295e+00
2.256761389641842586e-02
1.260261271021916762e+00
2.128801755493176656e-02
9.295702766070220724e-01
7.741597178146115699e-01
8.268015761735117986e-01
1.007672929761383590e-01
9.275921481133178048e+00
8.469015476631089889e-01
9.960762340927011849e-01
1.106771713549541625e+00
1.867131408864826980e+00
2.825053962296928400e+00
9.848354879276134399e-01
1.744003910682389580e-01
3.134240715251383758e-02
6.464063879657852563e-03
7.150463153504438285e-02
1.473616131896427622e-02
9.081416224406254623e-01
2.584432053076934022e+00
1.721472696150409210e+00
9.032053889723299367e-01
1.075772789838821408e+00
7.789617225738966477e-02
9.480401656414106926e-01
7.365607994241888390e-01
2.969562765605147231e-02
5.436241004791529940e-01
8.371101389326967013e-01
6.182149893799032681e-01
6.427388883655851259e-01
2.044379084349188386e-02
7.422863046027490252e-01
8.517051557093059388e-01
2.433885201458570735e-01
2.951200138067919948e-02
2.342979825356453993e+00
9.160425973138297540e-02
6.061537010786698376e-01
3.338044431093912384e-03
1.026449828632127970e+00
6.591601856267854664e-01
1.058069097786614732e+00
6.922992201395891110e-01
1.761765017145610734e+00
1.453445484894545781e-01
2.282066248379610585e+00
2.980052980060849066e+00
1.110167306539860732e+00
1.114652126978271429e+00
4.234287555353092536e+00
1.082710471270369013e+00
5.219599705919136801e-02
3.446255417055652664e-02
8.299192000423171178e-01
2.529216449509851250e-01
7.175918586721028447e-01
1.105123539491339013e+00
8.499909914199322847e-01
2.194740483964478100e-02
8.092280534874056741e-01
3.769108436036937987e-02
1.128370728025956504e+00
7.381707035003203243e-01
1.171556401814424664e+00
7.811805160015680149e-01
1.028104267052915022e+00
1.774188384848007227e-01
1.050969668039821725e+00
1.107795552402438766e+00
1.675472287758031253e+00
5.043155682893529779e-01
1.514213612060757219e+00
9.969596289415950663e-01
4.277225100223545629e-01
2.556713186310297092e-02
4.472545525765325020e-04
1.138603812703534279e+00
1.417068179622793696e-02
9.776943946462970381e-01
2.401017353942273835e-02
7.608882583468637995e-01
1.010694128179299156e+00
2.871727791545120728e-02
3.889771625931569971e-02
8.464631392386755548e-01
1.160202858518375013e+00
3.466261661340325206e-02
6.481833614100274317e-04
8.012267118244340569e-01
1.108130814996269864e+00
2.083916959964922100e+00
1.052256729725989270e+00
3.701074566537618793e+00
5.954870104305598488e-01
7.994669225796424694e-01
1.245664042587175002e+00
1.132382947390230932e+00
3.130556910106602753e-01
2.560867982931323006e-01
2.115425598207089364e-02
1.453474621942240086e-01
5.579993224944288510e-01
3.144327295013432666e-02
2.109633428761135271e-02
7.870552087074281222e-04
1.113300487422816509e+00
8.304103969147106357e-01
1.074037392484935793e+00
7.574211091437778043e-01
1.193540960112013050e+00
8.199104287670364588e-01
1.354992124335583359e-01
2.835407302149557662e-02
8.247809972012992707e-03
2.265554047718299824e+00
9.057068711562362706e-01
9.757070683849907722e-01
1.115954730826073694e-02
1.031013745628995171e+00
1.339155419575895456e+00
3.209404075092774089e-02
8.673592125610534165e-01
9.271937705133725949e-01
1.030203430647246066e+00
9.832109498623060606e-01
7.245059884411451101e-01
3.149190608139062347e-02
2.143927137226628310e-01
1.030810742811132164e+00
1.401280637958847095e-02
7.959191286996517567e-01
9.817574748934106976e-01
9.715226705917853200e-01
3.926812722886302044e-04
2.202524002552656152e-02
1.201191745398367594e+00
1.200628598374888813e-02
4.675583272158614911e-02
1.026223699627991426e+00
3.922557287526905190e-03
7.989897865421751177e-01
7.230406763257379854e-01
2.167472224161495653e+00
1.588587723803320390e-02
7.480771357471152072e-01
9.313567764721321085e-01
2.757022251198412710e-01
5.374585313472340919e-01
1.456092344672330841e+00
1.059845263430093942e-02
1.142632229562229096e+00
1.086665528269935566e+00
1.794658190103337159e+00
3.684581248359120043e-02
3.976032543574312128e-01
9.281286019678683386e-02
1.083036267857437895e+00
3.318960425856690155e-02
4.383965063434926979e-01
5.907071211800168919e-01
8.462275202308865429e-01
1.643573725479635997e-02
4.906256584983091362e-01
2.423214935544846238e+00
1.114406890244855841e+00
5.861740118748988149e-01
1.748946338995267975e-03
1.067585951049559653e-02
8.385914874074285041e-01
3.068257927457430423e+00
1.219982058402711678e+00
2.266967482513671667e-02
3.332530011494853200e-02
1.331026726237463827e-02
2.183601277934883386e-02
4.067868188121726014e-02
1.002323022554393761e+00
2.341898983471773360e-02
7.784550500801479256e-01
2.684675038966537891e-02
1.010591989116565781e+00
8.965982533710993296e-01
1.878754406673054100e-02
4.784091295392212118e-01
1.527051358318866174e-02
1.178987402762315728e+00
8.458994896656845119e-01
1.014083053605117524e+00
7.502219425959300025e-01
3.535507957915318827e-02
1.412707822291394022e+00
1.099483365311974215e+00
2.589651545239755534e-02
9.521994408310248126e-01
1.339418472998038068e+00
9.049285797022172950e-01
7.562069977924973374e-01
6.566719480257865449e-01
1.040999332384193510e+00
1.214479863742373045e+00
1.862704324902154429e+00
1.183281540024188727e+00
1.359072709267972710e-04
9.924128364888826770e-01
4.113960250315592537e-01
4.063537321710285893e-04
1.776337976249357103e-02
9.039488784728391124e-01
6.260099654226466276e-04
3.261237295893510378e-03
1.041813645079090689e+00
6.868056777139073255e-01
1.027362353442818899e+00
2.270575735851864535e-02
1.016951605746240217e+00
8.863150719562475910e-01
3.535254289715621806e-02
8.245726831716245764e-01
7.419191050147067035e-01
2.662275340122336603e-02
2.040511489633620168e-02
4.224161820533982314e-02
1.063304354028101528e+00
9.957938402080271922e-01
5.946750952833292081e-02
9.837875471496924096e-01
8.551213893888734985e-01
1.076256327522336909e+00
1.192302208091900351e+00
2.009088896448379263e-02
6.322577073093880173e-01
4.845153211467715347e-03
2.812184589762964371e-02
1.000774824388355171e-03
2.743870810450329753e-02
7.727836029562029641e-01
4.134424401247471792e-02
1.952358852140901636e-03
8.079102132291071658e-01
8.370356681558279235e-03
8.899550442144676943e-01
6.587623258461561965e-03
3.779381659476772903e-02
2.615211270665544763e-02
1.070209844757877615e+00
9.053815771808394752e-02
1.037742908392138563e+00
9.367582314453515302e-01
2.213676279412366998e+00
7.803142644363842972e-01
3.764607630428754015e-03
5.267294463999658838e-01
7.551285665297612359e-01
8.756656822607699064e-01
1.102079985455302946e+00
9.317753405593846017e-01
4.593760803182059954e-02
1.092966079330923268e+00
2.250450356407198912e-02
7.941553035373545288e-01
4.759725630496469684e-01
7.923649153781394672e-01
9.222414483390164452e-01
1.010218291360973630e+00
2.698803812344514053e-01
7.333218061393871612e-02
8.039073845499078441e-01
1.797852671845512774e-03
9.521367931671766982e-01
1.124062005546369480e+00
4.277105099387558340e+00
5.097819977660535823e-02
6.140675142717547663e-01
1.044864985318369133e+00
1.007528831159972382e+00
1.172199125292232136e+00
3.923913937174100530e-01
8.135659488914552540e-02
2.131892515482080447e-02
8.608988271686641713e-01
8.455638071954846291e-01
1.671232197170021208e-02
9.860571998475563260e-02
4.160725704753814869e-03
9.998250783880163084e+00
1.009585352502720301e+00
7.880382339957887616e-01
2.641745939220227490e-02
1.732646502162761726e+00
9.024056672798703715e-01
9.282257092034900126e-01
1.045175000125039944e+00
1.335924846908526531e+00
4.674789026301429673e-01
7.360492143190303649e-01
1.039982498986026238e+00
8.529136126080287816e-01
1.102064354684227920e+00
3.276216640120895029e-02
1.233790373238818683e+00
9.918748106526092956e-01
5.642098056670943884e-02
1.004150304395716287e+00
8.817870731669565920e-01
8.935301627944784719e-02
3.044778895664466273e-02
1.603895806060576940e-03
9.958630355326864025e-01
6.820766407270302256e-01
3.450320093798502075e-02
9.457923943589303661e+00
1.837951831420192930e-02
6.176487782764905621e-01
1.029301791945176525e+01
1.183564955505489014e+00
1.192331370337928131e+00
8.379490780145992801e-04
1.053613722142009657e+00
1.722318978370536088e-03
2.199318832659578199e-02
5.946591366992620697e-01
1.181654017557479897e+00
7.538062248528600851e-01
4.659576999583780674e-04
9.618936192740681346e-01
7.651794101520573710e-01
9.982675227082319358e-01
6.251390595260713882e-04
1.144610435283264227e+00
7.750156976290330929e-04
4.376670307557232326e-02
3.005891337565220339e-02
2.176935403496457422e+00
3.157278467687301554e-03
1.018429159403906048e-01
7.177635940539666137e-01
3.161523416280450499e-02
4.131550006207974912e-02
9.166835608198026231e-01
1.005955435212032789e+00
5.459303448022120309e-01
2.341195272026016294e+00
1.605615641051653775e+00
8.513452838072510520e-01
1.006566764585435481e+00
1.808830866534615403e-02
2.664413514698383612e+00
1.020326471510063060e+00
9.853177498303229420e-01
7.808856480495961483e-01
1.833776423061102556e-01
1.049210533431532921e+00
1.858064990795838672e-02
1.018747311946166967e+00
1.283052149219718330e-02
1.156249706273717592e+00
9.712871819585149336e-01
1.040884645756072313e+00
1.089421279230640138e+00
7.370688560025656644e-01
1.487816672563686105e+00
8.097408867966496837e-01
2.542721343613951746e-02
8.608733448740299998e-01
1.084670982498032954e+00
9.043811634087834950e-01
9.029758173493297457e-01
6.002248437729972297e-01
5.775839388364154559e-01
7.671538389889470677e-01
2.962730439358669116e-02
9.854979647573597346e-01
2.316909143123619064e+00
8.952260539943404094e-01
8.475244766325827905e-01
1.146042932017919735e+00
1.163387522203957358e+00
1.150167231652897470e+00
1.122546508403996501e+00
1.154821202068829322e+00
4.996874519172085360e-01
8.485194660583493809e-01
7.098828367625045210e-01
4.822138052584417078e-01
4.864042840875091867e-01
1.189533713354818056e+00
2.434318605046035700e+00
1.173228268338952329e+00
2.093105892682390334e-01
9.756720123384756693e-01
1.005374668351335599e+00
1.872681632893027220e-03
1.038340293534574688e+00
2.853786028978082950e-02
1.319901028356642581e+00
7.141113559177056924e-01
5.104307885936423261e-01
1.049284202036109281e+00
8.829614080966236012e-01
1.058667208662667614e+00
7.893605769463869770e-02
9.454953341868473082e-02
2.458164449476488850e-02
2.152646454650997652e-03
3.330448046638049067e-03
9.962057836002482514e-01
6.138621430846307181e-01
7.334140899664601809e-01
1.187698718149994503e+00
1.090055754684686740e+00
1.648966320200964675e-03
9.803509591147930857e-01
9.692885676724954935e-01
3.566913433493057103e-03
1.090371348504611149e+00
1.022509302703427769e+00
2.898813538495795261e-02
5.569085572444444632e-02
8.931585430786491697e-01
1.249598968180998693e+00
1.146690578438850361e+00
3.210269892049597007e-02
9.395121708607430122e-01
1.353450356555510936e+00
1.060348475014998515e+00
2.889451302735386584e-02
7.953667413016561882e-01
8.401221284021551661e-01
1.838435403259057466e-01
3.316036280950554471e-02
2.570778548120950316e-02
1.799632862254365140e+00
2.568153209933968228e-02
9.163915027499336396e-01
1.116341138756155704e+00
1.314109678690153160e+00
9.453169080935204249e-01
9.482788962524457688e+00
8.698677290411126473e-01
1.153099333275596772e+00
1.919980380355719163e+00
7.505152989412833958e-04
1.343803683116282510e+00
1.045957526901629686e+00
1.987298395623975783e-02
1.188255180740168532e-03
1.093882131469532837e+00
1.146186709676746684e-01
4.235834626807136877e-02
1.861375947480657711e+00
8.262754126647958719e-01
2.084132407054755526e-02
9.612891726482160060e-01
1.274341431454415474e+00
1.083848688345669053e+00
2.048946234821014567e+00
3.366065094440614386e-02
4.016845851884599528e-01
4.097001573873020747e-02
1.669612253527356760e+00
6.151605759710689902e-01
1.084958798444149553e+00
8.442025770773553539e-01
1.082719996398558759e+00
5.476409712083909476e-01
1.096731338123172472e+00
1.545098955016217968e+00
6.854058738519609451e-01
6.893611009689885050e-01
1.268445734162761407e-01
2.450868328267285623e+00
2.917508718073596324e-03
2.207341944002628509e+00
1.240325503266682006e+00
8.368658487860690665e-01
9.245059802577130226e-01
8.114932444015174884e-01
5.586220772983274685e-01
8.479084365654945277e-01
2.709158947437973614e-02
4.272506068379473138e-02
7.620241183219220726e-01
9.335210403345096664e-01
8.019090367847678813e-01
1.912004551646113937e+00
9.571542659756564486e-01
1.177084648621332441e+00
2.907662589477447157e-02
9.692464455251248445e-01
8.608152753575496474e-01
1.204444275176210999e+00
3.669729240877384613e-01
8.815155793413507190e-01
8.170492378444141890e-01
9.645263993976970207e-01
2.124931016126357930e-02
2.587286423977522620e+00
1.507854346530976622e-02
8.703898139742163309e-01
1.030592058196391880e+00
1.028529207313068738e+00
5.385439780235982132e-01
7.666376728290169584e-01
7.657331393868429537e-01
6.650190194017207013e-01
2.068017170285758155e+00
2.404343294982453916e+00
2.206111137043959003e-02
7.871876857292241514e-01
3.017826257015356062e-02
7.633580185333875834e-01
4.483359357822629399e-01
3.160727239912591857e-02
3.984366412031182386e-02
2.571275369701732372e-02
1.206110312595812584e+00
8.736762897221466151e-01
1.149594898677633648e+00
1.113039714471451891e+00
9.756224631975779493e-01
1.859716791103387390e-01
3.036542043748197695e-01
5.017203994302377179e-01
9.920423719664729356e-01
7.195317848849592801e-01
8.287607565531662779e-01
2.186000899995678703e-01
5.104101238661758536e-03
8.788213810068024046e-01
1.079913844634416087e+00
1.107615224249781649e+00
1.106769433248778745e+00
7.463523810195306363e-05
1.427655226191667737e+00
1.279602428674267545e+00
3.182714226266914609e-02
1.197909898626996261e+00
1.062063264838009502e+00
6.998976849164327829e-01
3.070868554331526723e-01
8.181028998572021926e-01
1.210401589293729430e+00
1.722463677676394980e-02
3.368258351048734195e-03
8.547469450433221594e-01
9.952797888640044777e-01
1.938249711355652716e+00
1.020359240721110394e+00
1.002118456905692678e+00
6.852096554277329332e-01
4.871063794940073965e-03
6.899638718188300102e-01
1.208948352535859971e+00
2.662033625142316839e-02
7.316176947567026856e-01
8.214909795420682670e+00
7.118734527261961764e-01
8.277474810736551447e-01
1.033149928625227920e+00
3.042409156213894336e-02
1.552008098314464402e+00
5.807019151364471998e-01
1.110993410924044023e+00
3.168021428344653181e-04
1.068382408414388030e+00
6.659439280019631424e-02
6.040223541446311240e-01
1.413870285503228574e+00
1.084960279949449324e+00
9.815302360155274686e-01
8.203316975126250243e-01
6.051930444093344130e-01
1.236442374237115782e+00
2.892459513882534305e-01
1.094403159217658406e+00
9.059777023238690941e-01
9.603976090869817961e-01
1.024151900291264017e+00
1.139503144610071184e+00
1.200188917895266341e-02
2.031612416077502647e+00
1.061369245889595803e+00
3.554059714256543184e-02
1.051876356791959122e+00
2.733947604305824591e-02
8.855329540409286881e-01
1.040519192321839537e+00
1.138322024562469885e-03
9.059731116026120690e-01
7.990725818724883078e-01
9.955817540060717619e+00
1.965297833304172764e-02
4.933237787312118316e-04
1.182739481142979665e+00
1.197542271778384126e+00
1.426887599971871264e-02
1.846274027955642438e+00
9.810387870934421661e-01
1.197588163593497512e+00
1.066752012168021180e+00
1.910175609601910462e+00
1.156094864630592856e+00
2.946127434104207216e-02
1.041934369007080585e+00
1.396458427996660312e+00
1.092523047745652454e+00
1.109665964130382709e-01
1.803067412879133080e+00
1.058281118446364744e+00
9.916592021945607183e-01
3.348826460686435413e-02
9.129855009754688222e-01
9.403311711573503207e-01
1.072867356459948065e-03
1.361017401226875423e+00
7.709333619693731210e-01
3.727674216789553241e-02
1.075120278222388759e+00
1.020784133586448927e+00
3.818241684442030826e-02
8.422961224077311071e-01
2.735866296780159246e+00
9.120952884418040973e-01
9.801251342318475501e-01
9.762973106051491268e-01
9.811740375471259545e-01
6.106073053534170070e-01
8.772927229543423522e-01
3.935773955549678321e-02
1.072437019836860239e+00
2.062395945164630096e+00
3.561445740090244533e-02
5.197123884498313640e-01
7.123894474124373849e-03
9.615413566725414807e-01
8.011327707626237915e-01
1.546193809469912153e-02
4.207989454633009885e-01
1.199218955206904705e-02
1.072219830068187330e+00
1.005949508224882161e+00
1.247416997772351710e+00
4.033963070120343691e-02
9.874838964473723335e-01
4.998738293014210604e-02
2.460151687067424486e-02
1.913961586465314557e+00
4.192207799045697542e-02
9.247306090845689441e-01
7.390956937357319456e-02
1.183186987181619326e-01
7.145422770476331786e-01
1.131753846964492771e+00
8.624802528559675219e-01
2.394058368735346026e-02
9.199767592491676638e-01
8.947075501655912255e-01
1.106691085084269943e+00
1.052291695879285616e+00
1.056859250900401781e+00
8.171520182927767273e-01
1.010479528042956598e+00
9.908142406393006807e-01
2.462321510291272386e-02
2.102095483336444831e-02
8.068031026192690192e-01
2.591418270156894271e-02
7.728889149949270676e-01
9.473726637847307286e-02
9.746305288625153329e-01
1.176916085688255231e+00
2.551769924634662789e+00
7.273685989593403622e-02
2.494041837475888812e+00
8.411824515594410467e-01
1.101297747761115664e+00
9.114339396080441968e-01
6.513169502310980352e-01
5.497660826750957325e-03
1.311189830359986430e-01
1.262896911066921646e-01
1.617158858907618429e-02
9.096889009777341384e-01
1.073881390022249693e+00
1.109887405929185666e+00
1.196896712436312793e+00
7.630004658872069356e-01
9.195201413524971557e-01
1.174678389671667045e+00
8.869543912814684683e-01
1.039202547733617976e+00
2.035799138605109276e-02
1.089648731200419052e+00
1.972420723463423620e-02
1.174134413966429591e+00
7.822675525176930877e-01
3.398650068933521673e-04
1.437643104175719277e-01
1.340382206035344081e+00
6.961549486810049148e-01
6.684595128618714632e+00
5.283500737217188270e-01
5.947831835394544742e-01
7.382997025182437278e-01
8.319130661148222208e-03
2.913448157914960923e+00
1.827920781971685837e+00
2.618690278445362507e-02
1.026194035447961506e+00
1.230208762107290354e+00
7.515443782288713237e-01
1.119188909923517494e+00
3.347129577446945198e-02
1.513207614731049665e-02
1.020964849955185993e+00
5.429550226326766982e-01
2.069983858503678498e+00
1.142620362033280879e-02
2.849263063103562449e-02
6.013818595331061889e-01
1.152685472371504982e+00
2.793981991459142111e-02
9.293552112338552273e-01
1.052418048104490023e+00
6.070139561544566492e-03
1.032916962814439898e+00
1.015172372577405646e+01
1.051551180190455792e+00
7.780880591460259676e-01
3.890587281974054387e-04
1.188805464345588536e+00
1.011842123862550347e+00
9.629530932294664280e-01
9.427743964760301409e+00
7.816271981310618511e-01
8.628724191365648721e-01
2.007802848098962478e+00
6.928822239500267433e-01
7.540007709637863709e-02
9.190198528002474498e-01
1.749231825782071814e+00
2.544919671400941441e-01
4.512588669403318486e-01
9.985544176293486007e-01
7.770050049559602545e-01
6.670144433510974968e-01
1.889144368436208365e+00
1.170696091157515800e-01
1.258488651088970567e+00
9.748298076696784720e-02
1.090447488539489251e+00
1.745857379129287956e+00
7.699239961193293791e-01
1.100513912649982551e+01
4.065099297939753914e-02
1.048020240964419791e+01
3.819333381486998968e-01
8.548667131284738430e-01
9.854464908973501469e-01
9.096508063177898284e-01
4.365414736530237594e-01
1.205690479260888237e+00
2.031599724651720479e-02
6.019782753292224342e-01
1.497652445618639742e-02
3.064082252549386182e-02
7.527678125714332147e-01
9.374718651811058123e-01
1.090455494588687957e+00
5.143962760572240445e-01
8.348184008020248514e-01
1.838392740300084233e-02
1.012871220245943560e+00
9.726641564460902778e-01
4.930816224087086752e-01
6.852132774943980875e-03
1.125558497547160530e-01
1.419186778286956940e+00
3.465715734570190554e-02
2.939158408373181153e-02
9.730138717211451738e-01
2.664051374147315826e-02
9.504717911894580706e-02
3.194701704660163344e+00
1.073467911267904862e+00
9.770262048827389467e-01
7.462272301097170324e-01
1.670141285312747859e-01
1.013127378409206525e+00
1.591211224715081973e-03
7.951308766310294374e-01
1.002826320074209132e+00
8.311114929346944402e-01
1.045648675863729560e+00
1.741301049503355194e-04
1.191339220801714172e+00
1.203916775223856650e-02
2.518006713510943795e-02
6.970599665955874435e-01
1.770492605471152281e-02
1.282721672778751043e-01
7.630833584784326717e-01
1.181853620266535287e+00
8.549163660628562589e-01
9.325111403512443831e-01
7.940047665000776744e-01
6.491536891058289349e-01
1.164280705471244737e+00
1.640767252970743231e-02
8.479699646731269080e-01
9.526764214063967451e-01
1.071209998043205935e+00
1.011190452655541527e+00
9.027643051047119727e+00
1.004594096905048195e+00
2.931066333016823719e-04
5.613753887325775294e-01
9.113067174024458428e-01
7.313117154973545198e-01
4.456722425028506462e-01
1.888875391997118625e+00
1.001738206770861561e+00
2.366225468121809644e-02
1.179385967207047470e+00
8.679090072632729136e-01
8.716390505036999414e-01
6.399630385097062613e-01
2.094383965234081213e-02
7.264645494247046198e-01
1.036491418361924932e+00
1.111957711278307670e+00
1.391403794354648463e-02
1.083949980770767763e+00
2.951169430081215794e-02
5.952863726430512870e-01
1.029658917932004147e+00
2.372064511249334373e+00
1.883493720530397875e+00
1.614551790609210918e-02
7.187848280793527334e-01
9.133585717417949112e+00
1.193343350532543035e-01
2.155320343734624250e-02
1.225641668498224313e+00
1.015216359023799031e+00
9.550654226273250780e-01
1.060170519557234625e+00
4.703079841591427668e-01
5.159209426092937756e-01
1.953756813661443381e+00
1.586973914696931942e-02
1.002801568584041458e+00
5.406090075553620089e-01
7.121952460790522688e-01
8.898144626989266115e-01
2.224091180746167254e-03
3.551984339156686460e-03
1.079292198578175155e+00
2.393887826185888912e+00
9.997623823860616099e+00
8.490947757938024365e-01
9.727473123499196239e-01
7.617132453861005237e-01
8.188251536641049100e-01
1.139112589831786870e+00
7.697818577939815610e-01
9.411152746982676121e-01
1.186715663713849622e+00
7.482636590290971945e-01
1.877715332895929734e+00
2.646851937483480494e-02
1.043713836830904018e+00
1.022504579328405772e+00
5.377897455616562628e-01
8.275693414451897045e-03
1.584260883942058967e-03
8.599625753898011427e-01
8.870137659540486830e-01
8.827612882439311859e-01
4.052028738329541135e-02
1.006350913347304754e+00
1.353058044400108628e-01
1.659654351177794807e+00
1.060087879462896288e+00
2.825558749808040893e-02
1.002786729774275409e+00
7.277962623277572929e-01
7.004951908702090613e-01
2.118342747473533016e+00
9.331299175752918451e-01
1.964999472059965724e+00
9.289475082655608285e-01
1.057162837231101271e+01
8.475600393013731360e-01
1.004716634863499714e+00
1.116201146510366948e+00
2.050398006134164508e-03
6.202636044541178784e-01
9.680719863286568749e-01
1.068917315949120095e+00
1.072499346127838038e+00
7.358199676695450497e-01
6.310400009268303523e-02
1.098595676427759349e+00
9.216722761553638454e-01
8.687276252831152012e-01
1.118438909709328577e+00
7.259379208455851717e-01
7.416548221009938713e-01
9.488251022693065195e+00
2.615840094218330192e-02
2.645159152745067965e-01
9.462337503831526053e-01
1.052903467976763263e+00
9.434075984539751492e-01
8.889032140115817882e-01
8.500425545954923834e-01
7.488229966351630518e-01
8.373675313606185888e-01
1.399903635303705041e-02
1.127779677307708672e+00
1.007954401582969783e+00
9.099957671560865435e+00
2.125099093506199743e+00
2.947768147772562852e-02
1.088413516363118783e+00
1.834040594914830846e-01
8.451241691598052608e-01
1.213614388282819867e+00
1.189982154769184453e+00
1.715589724173551683e-02
9.056924542740047990e-01
8.681152192343558616e-01
3.733683031647542366e-02
6.618375119003222506e-02
3.642934739050891790e-04
7.248942947631832334e-01
1.082139501934723969e+00
9.347243545150570876e-01
9.935348201760222153e+00
1.154124534143890601e+00
1.097578990481202110e+00
1.103111919409401620e-01
6.904127693826563217e+00
1.055177208566855374e+00
1.007431146247179443e+00
8.899311862660233885e+00
1.082661283653807871e+00
1.090530890266599329e+00
9.721647524425641729e-01
2.945207391089485829e-02
1.192538992640018031e-01
2.636843228009835283e+00
9.913953523389866795e-01
3.250850119425136020e-02
2.481278096158512532e-04
1.093383319814566379e+00
7.498327277985181727e-01
4.622081791846328197e-03
8.411108763348460471e-01
1.027386888177032942e+00
1.043540137952285729e+00
8.276522733695469425e-01
1.094084994399119326e+00
1.084150960450122492e+00
5.132982848261478104e-01
1.191517498290816768e+00
1.019108859175422488e+00
7.950968939303622030e-01
8.514492404707251216e-01
7.321761180120300166e-03
1.118040615830987905e+00
8.325026686196177472e-01
1.050728817521566327e+01
1.005982194632691451e+00
1.070818297178592671e+00
6.831096753934465249e-02
5.293876142599721613e-01
9.024092627089047580e-01
6.638143755818221026e-01
1.156280662845426299e+00
1.083589626067743977e-01
8.770959698122943182e-01
2.144871569292614716e-02
1.136099671416911150e+00
2.197910759136840336e-02
1.632597840696749181e+00
1.213503787100040920e+00
1.001128111779729046e+01
9.563700102048738882e-01
5.069822864089588155e-01
7.585540030657783594e-01
1.865547020249620269e+00
2.721172685579019423e-02
1.068014974461098054e+00
8.032712393427019482e-01
7.981085532086105161e-01
5.566980547131381574e-01
2.859682246526211447e-03
1.183055733068345994e+00
3.732480460033057307e-02
7.546083801017661186e-01
4.773474482396488638e-01
1.384729592399681353e-01
8.386687970805257741e-01
1.029323643701712143e+00
3.583888667661770666e-02
1.040744919919783795e+00
9.680646108798266480e-01
1.146322731735611500e+00
1.031886538839349443e+00
9.119865581765574936e-01
1.991157794421515720e-02
2.390922952093049031e-02
8.626040013183061683e-01
3.978300957773549529e-01
1.199677443048489778e+00
2.940974816819965504e-02
9.529550657992532647e-01
1.139190671105375197e+00
1.260264492255407931e-01
3.373970793127663292e-02
1.312977543024571148e+00
2.184892561301425840e+00
1.193470151454718797e+00
1.056096488608852857e+00
8.908664392718301794e-01
1.053471284825434839e+00
5.893470751055066570e-01
1.096114640148587727e+00
1.080258274159140663e+00
2.256864390427453654e-02
2.987120813718894485e+00
6.404523451213844920e-01
7.735411967662508825e-01
2.645041330984842620e+00
1.277247304700862562e-01
1.037062621596128942e+00
1.135260085328186896e+00
1.051554221938894473e+00
1.035405581714675005e+00
2.164650410480648685e-02
9.280048998611151845e+00
2.228948218785353319e+00
1.908894708093849424e+00
1.080420958483814697e+00
8.687321362998652319e-01
7.276295703659483305e-01
2.519927839719330542e+00
1.111847471452208636e+00
1.030882833456653103e+00
2.382760278620019267e+00
8.938762747174273660e-01
1.904505519251473156e-01
5.430422231991050008e-02
1.006721489729228480e+00
3.423623203231353392e-04
1.340820628792201152e-01
1.081942059740462536e+00
1.060442145600132946e+00
2.318601751317483917e-03
7.932693359847935444e-01
7.134810578156401961e-01
7.846684986992333855e-01
3.101946155556483120e-01
3.459607210256727683e-01
1.355229854893166941e+00
1.013494624967416868e+01
9.353669399201492984e-01
1.961141463345081215e+00
1.133154927186992733e+00
3.609161897199920227e-02
1.072095662611722844e+00
4.181141645293945386e-02
8.954318042373062836e-01
1.003904499951459250e+00
2.133833074910239436e+00
2.602603491966791124e-02
1.027265847531065424e+00
6.178477865603698715e-01
4.328599716388226160e-02
1.917842920650859526e-02
3.689057771611992109e-01
9.066947742101527652e+00
2.660044173885265373e+00
1.794361794427531270e-02
7.171903344435411887e-01
8.251977817337158294e-01
1.124344528181343783e+00
7.424530492933235637e-01
2.311192656345158886e-02
1.053170780373993365e+00
8.140261626434199815e-01
1.149553658172921766e+00
1.111978774617039978e+00
1.657594810455605416e-01
8.293191312646507329e-01
9.740637421247877459e-01
8.110945940345850591e-01
1.123394492608965178e+00
7.329740553708441464e-01
9.582117516446464825e-03
1.384024014902887102e-02
1.993639077008094521e-03
3.409684330549596007e-04
8.829796634060182114e+00
1.086370146454526564e+00
8.334063148778109165e-02
1.708374554874177165e-02
1.041914080520310870e+00
2.623636094390584261e-02
9.443350814094754853e+00
1.040821171474868301e+00
8.016017416401416407e-01
6.966959158017177467e-01
1.509507072709557196e+00
9.307121348408736727e-01
9.706897532781765259e-01
3.332122798650857809e-02
1.484496242001672739e-01
5.807953964123124813e-02
2.019053900099174736e+00
8.618585121113877534e-01
2.836425574412955175e+00
9.123918480920090168e-01
1.014537199021630087e+00
7.629350726938255445e-01
8.168023958319103883e-01
1.168334032092989139e+00
8.676860821229690490e-01
7.906303632719610675e-02
1.032630290717359234e+00
1.209644945114821013e+00
5.361729467940543614e-01
9.035436389082905917e-01
1.411975684156790457e-03
4.394543403332933779e-03
2.380543953810914520e-02
1.834741013832950213e-02
1.178731489246732433e+00
1.111851798159344984e+00
1.520310260868825217e-03
1.012272948403435180e+00
9.847242258789918878e-01
9.010499728919603157e-01
6.687378096610283040e-04
2.710099615239271870e-02
3.395764837809675529e-02
7.559166356725385283e-01
1.755718901432140155e+00
7.560335546790515338e-01
2.883723914398748978e+00
3.254705569982520308e-02
7.919723498357483793e-01
1.025074478694026237e+00
9.000801408883056354e+00
3.136306770514538100e-02
1.477521859076397215e+00
5.973692968161527575e-03
1.437000292887451014e+00
1.052259442382132537e+00
2.282265197485393582e+00
2.137116703121238331e-02
3.195367052356501869e+00
4.527004929382572734e-02
5.163331647872927421e-01
1.042781272448494390e+00
1.023844496247714009e+00
1.904525618649544949e+00
7.309730520746574728e-03
5.946843108416498547e-01
1.027486069798487334e+00
9.207254501455783835e-01
6.328122212912233591e-02
8.580631416906751019e-01
6.366179782049401388e-04
8.881517325688457198e-01
1.067070644578303584e+00
7.637997637954135888e-01
2.106440953795273519e+00
9.903933626491580711e+00
7.840131198344907348e-01
1.095527557430628240e+00
1.192289222793662562e+00
5.868290038447028234e-01
1.067902714467119596e+00
1.722727185567964059e-02
1.029628945003844720e+00
1.417077180881527732e-04
9.811339644434577956e-01
1.567012337461717864e-02
1.162414360554079040e-01
8.032649506382237570e-02
4.753020137166535236e-03
1.144544109707908097e+00
1.081327820392300909e+00
3.536978879440665774e-02
5.770223624052202016e-01
4.262957234731858391e-01
8.990955016214771667e-02
1.355524267365928494e-02
7.608551546675849098e-01
7.647262287149884097e-01
6.659454646395872590e-01
3.757730207539194955e-03
4.518057122726853447e-01
1.040181113357701248e+00
2.672324200270866784e-02
1.147797813632293051e+00
6.374555597256442718e-02
1.981224113330742193e-02
1.647442347416758102e+00
7.840460987386203007e-01
2.175683832112351376e-02
8.052242650449308314e-01
8.426286386633581316e-01
4.144059658086381437e-01
1.019202719625391396e+01
1.192311178665403038e+00
2.020718738697447225e+00
1.147179609185368321e+00
7.253584228992651095e-01
1.101795701022205837e-01
9.805215417707875414e-01
1.088237746469065792e+00
1.297123136034237678e+00
1.754005598010776712e+00
7.321400088929371774e-01
8.680987509206450348e-01
8.360267915027943531e+00
8.213315902000313251e-01
2.581568254464744694e+00
8.822057451388477523e-01
1.227363614848400397e+00
1.191251655794271613e+00
1.008033418157062933e+00
3.782988198128168361e-02
1.131093450965277025e+00
1.950273132998594061e+00
8.723061591818366267e-01
1.063546258148676094e+00
1.108175588416742130e+00
2.231026949947725768e+00
1.343378341911675294e-04
1.087624120877244804e+00
1.010963984537202709e+00
1.118067407744658626e+00
1.615447451376955668e+00
1.161102997700978134e+00
9.684021733891033934e-01
1.174034805130621084e+00
7.443313913317753938e-01
2.053403323092875543e-02
1.221566042669830265e+00
1.887200316706506786e+00
1.555686268790381493e-02
7.351564944089326037e-01
1.131821514551884844e+00
1.132415657731202341e+00
1.221088734991227116e-02
2.144054139856318292e-02
9.970304554700396560e-01
1.120616803914444848e+00
3.477951632708307581e-03
8.040109663607380996e-01
2.072922797688220645e-02
1.173639239662781497e+00
1.178373281009854751e-01
8.459372777099176677e-01
4.179787543282503792e-02
1.003383821479504778e+00
9.870547319089794103e-01
1.169336079704732079e+00
1.860132031479944770e+00
7.394791574330229489e-01
1.518608337342222947e-01
5.145074354968156780e-04
8.388608416953958979e+00
2.626757025442706174e-04
6.802132429123401991e-01
8.046601351201617680e-01
9.746678922576391679e-01
6.022551141625974713e-01
7.940330049325169393e-01
8.107199564694435034e-01
2.941535628611485764e-02
5.628830597595632090e-01
1.375830544590571414e+00
8.396510434187552940e-01
3.583368494939347115e-02
1.555756355606350505e+00
9.579939649291738801e-01
8.680618632235814758e-01
5.032185733989308352e-01
1.524777797879316166e-03
9.224210864332675897e-01
7.458037956866725438e-01
4.327089806657772805e-04
7.932292498041394468e-01
2.729534439673081625e+00
1.092915381288433352e+00
1.140865115307538424e+00
1.934042442849064125e+00
1.053789551992341700e+00
8.360056498126238189e-01
1.356961066097322366e+00
3.809559325092912174e-02
1.025881769856641812e+00
7.099698867633627009e-01
5.348972207569446802e-01
9.060969760768077252e-01
1.040961679835819886e+00
3.038778239438593154e-01
2.602816360756095015e+00
1.217856002925437275e+00
1.160904363910332915e+00
9.174405239737848383e-01
1.842946749202658066e-02
7.127966930347141572e-01
1.068597032917697254e+00
2.357160836868200382e-01
2.498098462503855338e-03
6.248243379412150855e-02
7.362168611708479471e-01
1.414674990907480515e-03
8.940008399788301752e-01
1.037733012710698066e+00
7.239941874317875614e-01
7.871354213679048195e-01
1.970154698368641044e-02
3.469042673659696735e-02
1.146158656612626281e+00
3.131786006122994626e-01
2.755304554105057931e-03
3.431200572214822969e-02
1.405668458488216511e-02
7.454763801157614500e-01
1.513098504495489216e+00
1.083339993938827517e+00
2.509415419662370042e-02
2.518944995203270532e-02
1.090856788091884466e+00
4.761382868923502709e-02
9.042936205526249660e-01
2.150028645843433950e-02
9.864974127783478208e-02
8.465855126939050290e-01
8.856787883254245708e-01
1.766768172893151245e+00
7.442205703566808772e-01
2.254457065129716691e-04
9.942208532246457620e-02
9.153532428693037515e-01
8.922710755319360754e-01
2.816663674408176554e+00
7.707215233604270965e-01
1.704241242145091206e+00
5.004876660299446833e-02
9.160780925167103517e-01
6.431200763370827078e-02
8.714185735736786759e-04
1.039615782101825037e+00
1.440908679413161197e-01
1.033797571508419111e+00
7.838150849130932629e-01
1.860912080647358080e-01
1.148324995004068150e+00
1.817497162100615515e+00
1.061995477285900158e+00
1.261957764567908757e+00
9.975878839273135679e-01
5.137146784889848883e-01
3.081407080435127205e-02
1.028624688482268956e+00
1.678002101607172225e+00
9.268575485569120320e-04
1.672080641611486174e+00
9.968271271629033370e-01
2.574447426034057879e-02
8.696508366515951494e-01
7.823089478629142723e-01
1.102426625942805494e+00
3.878191881766277632e-03
7.755534773328581766e-01
5.562674284431358140e-01
1.008431483527612249e+00
1.013542345449166271e-01
1.132863264478222831e+00
1.653021831772071515e+00
6.961555319106110806e-03
9.562095813487582197e-01
8.174012553184050178e-01
2.192314723092335660e-01
2.106774351312606708e+00
9.653085839171505755e-01
8.714695798424194617e-01
1.098164292193358316e+00
9.450483894240651050e-01
2.972773372806081782e-01
9.727648796549878130e-01
3.179325882400041436e-02
1.179814619592920888e+00
9.205255123366370418e-01
4.336107039083192047e-03
7.638628461250673851e-01
6.180669219091602246e-02
8.130533780529833887e-01
1.721180154363687764e+00
2.656583072599204114e-04
2.312517727160088743e+00
9.960921786936114408e-01
2.318771866549487193e+00
5.035477621695854528e-03
9.952564627004659679e-04
1.165102645330760911e+00
9.561899653352200490e-01
4.752010323368119696e-03
2.021803961582842923e+00
1.130265694373743024e+00
2.030504145920183134e+00
9.618043050845450637e+00
7.968721835575004464e-01
1.097430043892843265e+00
2.241624370054273285e+00
1.105830636824977065e+00
4.907415435345584276e-02
1.046071115405358354e+00
7.721009325329720729e-01
1.999931573124114070e-03
5.342925117474833785e-04
1.028191601115349574e+00
1.113047334052934101e+00
1.924743086716300400e-03
2.582896627907039361e-02
1.116597633359072583e+00
6.184351357177181319e-01
1.433639652522777252e+00
7.150313847581986071e-01
1.093249230978901698e+00
6.531661445865429017e-03
1.326723604163478898e+00
8.824738736321660060e-01
2.325182177419656687e-02
8.578195179094497691e-01
1.042099421755268152e+00
8.952587572073513744e-01
2.025858543938899192e+00
8.174279129824925105e-01
5.134365382027158281e-03
9.652036526356394530e-01
9.393504057434181043e-01
1.008878403452735739e+01
9.735327646012347236e-01
1.163359927650478687e+00
8.831609259707905446e-01
1.097792350968143760e+00
1.938959393298015851e-02
1.096088282804613012e+00
1.007387598531240380e+00
1.080159983563808268e+00
8.030394549989650077e-01
1.039908457680712717e+00
9.776722411700859539e+00
8.229287961774311988e-01
1.724536240882147166e-03
1.004933148932638742e+00
1.006693058642022631e+00
8.429872970943210753e-01
1.116192718435596198e+00
1.073882910679119229e+00
1.412730827204894055e-02
8.386573931971734730e-01
1.023662778704431453e+00
9.591560666122075918e-02
8.394706154345334959e-01
1.039333814756127294e+00
9.815524877222645550e-01
2.141664440964252680e-02
2.956356443737432477e-03
2.252514206537360730e-02
8.835127487044691641e-01
8.617923454696281294e-01
1.762059720171550714e-01
1.086525587068409848e+00
2.460023111934909412e+00
9.275430784724237876e-01
3.684631291038620998e-03
1.397844607051831542e-02
1.137744000734512761e+00
9.721498402792796423e-01
9.008341380492097539e-01
1.034753353540037502e+01
