6.699598241489953310e+00
1.252211568275617637e+00
1.209330329911960433e+00
1.028817581196602049e+00
1.393072085081696887e+00
1.551922356092249933e+00
1.323910379230599510e+00
1.288430130662873152e+00
1.299564447268498402e+00
1.332789720410253231e+00
1.404184389638044816e+00
7.676548550363436973e+00
1.288405262851264776e+00
1.230431793946307195e+00
1.292182906943026843e+00
1.245798436017567568e+00
1.264868538194091396e+00
1.634296785101033933e+00
1.448342113151383614e+00
1.527307318426727623e+00
1.139843065124914734e+00
1.386385177773330923e+00
1.252152440498499164e+00
1.161090583295255385e+00
1.220584420352888166e+00
1.547135246078225057e+00
1.389908958871258537e+00
1.243083117615874755e+00
1.315392469773045914e+00
1.175437465095122036e+00
1.242326831987227154e+00
1.156300741479052707e+00
1.396457290114760053e+00
1.324352299146038581e+00
1.395064262563804114e+00
2.566720154417343025e+00
5.759371621874425529e+00
1.390646580086592810e+00
1.395527423189659277e+00
1.495781603078339295e+00
1.174341584864374788e+00
2.898971620822242024e+00
1.446751820812282485e+00
1.289198245799132225e+00
1.326570398325397360e+00
1.343378444624809820e+00
1.401138167633852127e+00
1.364447245508766837e+00
1.278885707545323713e+00
1.343323358453463179e+00
1.476875608182131039e+00
1.573869557222839388e+00
1.421502900511098400e+00
1.308330107294041422e+00
1.429860306255254399e+00
1.314642743748112741e+00
1.374980245222222841e+00
1.450390135680598380e+00
1.516462451396278333e+00
1.440003469073777520e+00
1.207380829381753617e+00
1.017649215442267385e+00
1.437235372136909994e+00
7.925875184873093504e-01
1.133884639346679712e+00
2.304057151597074693e+00
1.329981583746311369e+00
1.510621494070767401e+00
1.435289978508881958e+00
5.835566325634268026e+00
1.139086459544966345e+00
1.182074338008372028e+00
1.256829226773884312e+00
1.343410944551959529e+00
2.243509406768862124e+00
1.365272626252209243e+00
1.352741111663804396e+00
1.263012513051427366e+00
1.318341544891761474e+00
1.308338367371154831e+00
1.458933807545836903e+00
1.291362841822074392e+00
1.429028568592141113e+00
1.333231107981939445e+00
1.227965807035535484e+00
1.474622520471799758e+00
1.188932030717181565e+00
1.106470107989224072e+00
1.355758294757055893e+00
1.254125235357170354e+00
1.568314195776889575e+00
1.139181875482732087e+00
1.146106889374296500e+00
1.347531698746648798e+00
1.237959799338513633e+00
1.223202384953530730e+00
1.884949508255828743e+00
2.227754530037960201e+00
1.464227099014027811e+00
1.244324761920634792e+00
1.771533031603625741e+00
1.312581587110525749e+00
1.408125064525776349e+00
1.221332456407906220e+00
1.367526268233743902e+00
1.318739858331951176e+00
1.256079389254554091e+00
9.653175104804777584e-01
1.270591600078385008e+00
1.404865687812835606e+00
1.420680815604696612e+00
1.242899392039343631e+00
1.379946840278017062e+00
1.307720701326528623e+00
1.304168056640094608e+00
2.904200966615125168e+00
1.288604579621108526e+00
2.212990943996452131e+00
1.406214863242263746e+00
1.458828456785704386e+00
5.678924257638892747e+00
5.493121230615606088e+00
1.236304367177763819e+00
1.314364841293940600e+00
1.367270414298210168e+00
1.159345660647766341e+00
6.384772989433189494e+00
1.381757093823557270e+00
1.207431533670156210e+00
1.133286282990436433e+00
1.227355841323019892e+00
1.423396560534909927e+00
1.334260638539016774e+00
1.199768664325979506e+00
1.246072781406655672e+00
1.107763746854049325e+00
1.279360539126879637e+00
1.413126738661542481e+00
1.238896746817249372e+00
1.249625925357620737e+00
1.308473654837030820e+00
1.223188468240594240e+00
6.752935985341693481e+00
1.195793857946563010e+00
1.755527900020306120e+00
1.278307858676371644e+00
1.239913619148519164e+00
1.260593171604345031e+00
1.504212599157337849e+00
1.394721026976627476e+00
1.914602558134161026e+00
1.257659174019491566e+00
1.494659225244848066e+00
1.378633546394704146e+00
1.233120811279297069e+00
4.502970956953224579e+00
1.052193451477171138e+00
1.372271502586839276e+00
1.299479618814595394e+00
1.261327184173415716e+00
1.604268560342122951e+00
1.387720538030930983e+00
3.828160730010714552e+00
1.032750291286510347e+01
6.267807095606630519e+00
1.311203352545498912e+00
1.288128573035270952e+00
1.285370415849263814e+00
1.178864424876876704e+00
1.933721543189914627e+00
1.292419614398903738e+00
1.491023791085957617e+00
3.658365816128648224e-02
1.329195088688895243e+00
1.266032122411013816e+00
1.452556993269085606e+00
1.501226922422990162e+00
1.463939966719883579e+00
1.520588566410866482e+00
1.328537204018841900e+00
2.108829364866041001e+00
1.316003906104812105e+00
1.314585113301620645e+00
3.247870200842684074e+00
9.850090115168655958e-01
1.984126209193874502e+00
1.282483387913081252e+00
1.354419770019691160e+00
1.263070790844709190e+00
1.357566862145170639e+00
1.422527633839962613e+00
1.491548558475803032e+00
1.365443058557599176e+00
1.423145706282782808e+00
1.388011629339778619e+00
1.200465831626175817e+00
1.371355355885400140e+00
1.213509977790784511e+00
1.988339165223401039e+00
1.405385226137638277e+00
8.052771006046303137e-01
3.623539986535836283e-02
1.299488361395893632e+00
1.806556272685361009e+00
1.129093394592335597e+00
1.177148570104809666e+00
1.523343416209869128e+00
1.227859735747223624e+00
1.340666848183436510e+00
1.409279078429116261e+00
1.297756046356405957e+00
1.467833384890691040e+00
7.434441474045261344e-01
4.799773114204376689e+00
1.262759186868052108e+00
1.205372646998909891e+00
1.462052195607123739e+00
1.455420508330487861e+00
1.317255726586244124e+00
1.144835478458844591e+00
1.283101704153678302e+00
1.508398395077865217e+00
1.456780244599465535e+00
1.271751337155677231e+00
1.371741952639562001e+00
1.261796633313117866e+00
7.031456986645732155e-01
2.282760470548682363e+00
1.330484972571630564e+00
1.109393859666931492e+00
1.442757854832103614e+00
6.853848106461657430e+00
8.192684381391563964e-01
1.024863846229889131e+00
1.477895802163308403e+00
1.078338140528784628e+00
3.464855887338894047e-02
1.131547396877100597e+00
3.024989488958114078e-02
1.484633256393869338e+00
1.392439331458816376e+00
7.627393173855558928e-01
1.283002233266502534e+00
3.910218487346316801e-02
1.084883740203781644e+00
1.322565419187391900e+00
1.339037859952485920e+00
1.142378547997270788e+00
1.134582439143950960e+00
2.627042097403725851e+00
1.451799707431713049e+00
1.115638849844449165e+00
1.280195956560900239e+00
3.368472077260407926e-02
1.235282391057078488e+00
1.471520693002637437e+00
1.399489034335995141e+00
4.980742836982161137e+00
1.457276812203736283e+00
1.633133530659408805e+00
1.273320526951389198e+00
8.989043107337684191e-01
1.113627063461786193e+00
1.316974803631140611e+00
1.071965178421142140e+00
3.165741661241568833e-02
1.029879987533951047e+00
1.291747197334552677e+00
1.221139582447876126e+00
1.339615108607604022e+00
8.136959820198488291e-01
1.361005583077669057e+00
1.265182167460164653e+00
1.446122237093397267e+00
1.901107249870511495e+00
1.102639575466616506e+00
1.429910046415400204e+00
1.425848462505946213e+00
1.267844309747980347e+00
1.286606376363944815e+00
3.712924099848306098e-02
7.956195156035135163e-01
1.301360108135619864e+00
1.285600133225754060e+00
1.289379620205904464e+00
1.389082819698059579e+00
1.454031192825476104e+00
8.815216601996109791e-01
1.317785009121404283e+00
1.346175396060345530e+00
1.245090076647884292e+00
1.342921539999467395e+00
1.225858647558498493e+00
1.673304965729664806e+00
1.257328978562236355e+00
1.062935788437002316e+00
1.325930223265936903e+00
1.091174819634602500e+00
1.377272091915680008e+00
1.426687979405908635e+00
1.380373339880765382e+00
1.414358001436036183e+00
1.247832215762930907e+00
1.390408629338470092e+00
9.793353914824560746e-01
1.376884451815361565e+00
1.045289405917701586e+00
1.299166219116365983e+00
1.162907069985204878e+00
1.339203944751390152e+00
1.282460501942010556e+00
3.495761670307354768e-02
1.328534296032892303e+00
1.292007708255760168e+00
1.351378136987861467e+00
1.188975943857524697e+00
1.106240555963446948e+00
1.416084693886386692e+00
2.933184551640807491e+00
1.182459969837878155e+00
1.388672169244203225e+00
8.836945058234499939e-01
1.455489412215716261e+00
1.176453859743748165e+00
2.018718312544702798e+00
1.268054151185326273e+00
5.161122102899556197e+00
4.110658117509210285e+00
2.594830541673640134e+00
1.341711408525684490e+00
1.553055730322404404e+00
1.469394805204305099e+00
1.785674493175553046e+00
1.245595337354273635e+00
1.426859631874118683e+00
1.389157789337640558e+00
1.445629355895161616e+00
1.409844039633488144e+00
1.241512120851562040e+00
1.344649786027247274e+00
1.396405897300847077e+00
1.489211286634063214e+00
1.257022064874207423e+00
3.015163811687744833e+00
1.399471160349179844e+00
1.650381574129262008e+00
3.104993698465467133e+00
1.553016325493159489e+00
1.366946530958354611e+00
1.169737565544277214e+00
1.239470197290112541e+00
1.454121905056538377e+00
5.983789125828689492e+00
1.306433011137570155e+00
1.329504811758705385e+00
1.191789958508289615e+00
1.460703110633915003e+00
1.231082565987066779e+00
3.086701514291135595e+00
1.812039958350375235e+00
1.284083083474026665e+00
8.262597377258363851e-01
1.378447516305174148e+00
1.098298456240511589e+00
1.319866334156630572e+00
5.892220548082526932e+00
1.287137631628699985e+00
1.462642140675219915e+00
1.451736662979839387e+00
1.495532296985725651e+00
1.214970298294839157e+00
1.205981087697230336e+00
1.359319694220848529e+00
1.488894538385400867e+00
1.667780083100016464e+00
1.319455093068727214e+00
1.221655715785066709e+00
1.358687504354686437e+00
1.192622849708428356e+00
1.549140169832925462e+00
1.304287974177749110e+00
1.478100564538877393e+00
1.390776950953911850e+00
1.475013786138142935e+00
1.227847648229233091e+00
5.132233214930988829e+00
1.169318759427169674e+00
1.313564324278571060e+00
6.803832094687132681e+00
1.375296204460129346e+00
1.353241950749451750e+00
1.396828287863129958e+00
1.341668302704265514e+00
1.476205934799561525e+00
1.333036524456798322e+00
1.205744333777889699e+00
1.507860061784966010e+00
2.576934580020075582e+00
1.433876999142603914e+00
1.296143239920537482e+00
1.406267837475539517e+00
1.384473176160785801e+00
1.423923649706331895e+00
1.246162585268176803e+00
1.153718286430690299e+00
1.422246098971336581e+00
1.387279145902147404e+00
1.157080674921504126e+00
3.872512653519756931e+00
1.253933024593207213e+00
1.208755802925613576e+00
1.760918346119711320e+00
1.473393994583263922e+00
1.368433567030157505e+00
9.108283588635477379e-01
1.049227805062466379e+00
1.516037433829956260e+00
1.377948422896459801e+00
3.651990366037078051e+00
1.897266644539957081e+00
1.522871831981773560e+00
1.167768614682169304e+00
1.377615229214645964e+00
1.376816288524000509e+00
2.698619799791051807e-02
1.338896280249705750e+00
1.594870599353454654e+00
1.629787978374400037e+00
8.008390435168211141e-01
1.504687255127247880e+00
1.151492871889151504e+00
1.387217395479241500e+00
1.476745032183153672e+00
2.883230887809616963e-02
1.243025656457911854e+00
3.067500066295705818e-02
1.413028752105099706e+00
1.227748377595963003e+00
3.413439879920392439e+00
1.394976694590193800e+00
1.159496896431690294e+00
1.327558932860327445e+00
1.547395068081656611e+00
1.403136883030886128e+00
1.738156238561656686e+00
1.347146761552076466e+00
1.269628710231504032e+00
1.252903236154420563e+00
1.324284295664262423e+00
1.322664338757380209e+00
1.430899046966570776e+00
5.581557276905819265e+00
1.321611903927633946e+00
9.015922947868784121e-01
1.118905641277962104e+00
1.701359044890445649e+00
9.885617570799207776e-01
1.295509700687631938e+00
1.093854177462779464e+00
1.275197599672202253e+00
1.065913508843405522e+00
1.189318088763802628e+00
1.136361712264297719e+00
1.212304966445532983e+00
1.397700514872418864e+00
1.248992363632264180e+00
1.230881173053541389e+00
1.287177370791741104e+00
1.260991788702879202e+00
2.818864713927393684e-02
1.352112063368599459e+00
1.352222599639758105e+00
1.656205125799422806e+00
1.714653827153633348e+00
1.394467310173513885e+00
1.101742677024046380e+00
1.319330118265060969e+00
1.361211813150730920e+00
1.446465323212130505e+00
1.338763758262230930e+00
1.464867367596230263e+00
8.531501062149697834e-01
1.164817917833206984e+00
1.364047850494678471e+00
1.285318000620822687e+00
1.342409962696437864e+00
1.249720654752619176e+00
1.336050037088838405e+00
1.246975014842630847e+00
4.177810959946962832e+00
1.393573428754755650e+00
1.251970726824616298e+00
1.153500889697992804e+00
6.780374702794294883e+00
1.188533982568099834e+00
1.215733399341623500e+00
1.209299572790659028e+00
1.422578122923023436e+00
1.375604170970131879e+00
1.352153972063441678e+00
1.529106680759667825e+00
1.695399282928800044e+00
3.358904165239811057e+00
1.375919822495140554e+00
1.355829735074631337e+00
1.326050152405927829e+00
6.769158277305008298e+00
2.221749722926313453e+00
9.316472450124817506e-01
1.106141272998778957e+00
1.498336443786935090e+00
1.359187795380794705e+00
1.031428247552992339e+00
1.349150121718698969e+00
1.167666838257771067e+00
6.936297827856355624e+00
1.233616490403305122e+00
1.287882211684339140e+00
1.337535742009267059e+00
1.419700931981680458e+00
1.461491481156251826e+00
1.192031649848150909e+00
1.287563734281120364e+00
1.208961755130942617e+00
1.430144723977953669e+00
1.563176760823142608e+00
1.424266880645946420e+00
1.099000601872560434e+00
1.356641083109151769e+00
1.335679296197226140e+00
1.273777557407008043e+00
1.385205764320079913e+00
1.323746137113476884e+00
1.263431145552049717e+00
1.227242706322903665e+00
1.264728675137138492e+00
1.133820151064716786e+00
1.258106882577908259e+00
1.255381786033527680e+00
1.459648765103623624e+00
1.182509143694018938e+00
1.169557401954644416e+00
1.160893291255465476e+00
1.380976364854270333e+00
1.344657663927651292e+00
1.201687017306466654e+00
7.672063392855483777e-01
1.308502950856486269e+00
1.317969461871815628e+00
1.368221755396018313e+00
1.191676442528319946e+00
1.270508565182933314e+00
1.244872408726146462e+00
8.469973226146673140e-01
1.245393566336239211e+00
4.406521386925014383e+00
1.526126954054676244e+00
1.622762683534661798e+00
3.182679190541034320e+00
1.345277097558303936e+00
1.274244014057877905e+00
7.526957806172387411e-01
1.385270013078613971e+00
1.212443535201576772e+00
7.022165123515446084e+00
1.411653065885556169e+00
1.415857674400735622e+00
8.932332852795668021e-01
1.431117412090958219e+00
1.427985034216102900e+00
1.349535173576104974e+00
1.160917510755760107e+00
7.863790016482262724e-01
1.208679429506015257e+00
1.319086102266204819e+00
1.423311976685689206e+00
1.386623489762262018e+00
1.334061343946604250e+00
2.891631702277758009e+00
1.570113434544173847e+00
1.301062774041786607e+00
1.385822912302267618e+00
1.235236024237245767e+00
1.169156647482985090e+00
1.369208928163622829e+00
1.588171367401115530e+00
1.324008626628616181e+00
1.324682912991032024e+00
1.129497562888654993e+00
1.219826762585594748e+00
1.376172409270071340e+00
1.422620579809487307e+00
1.233439553527065691e+00
1.646860228837987439e+00
4.097348246885593959e+00
1.410271399376275880e+00
1.161907219816164627e+00
1.377588288141164519e+00
1.745201858338258916e+01
1.326455144907359607e+00
1.344856787473062809e+00
1.832346339696595328e+00
1.242933455910500085e+00
1.286831319003226115e+00
1.351704109787873698e+00
3.256627000358691681e-02
1.167094690596000017e+00
1.151609969237599618e+00
2.591511409282789766e-02
1.243059075133520874e+00
1.198460397739625538e+00
1.260500079270961749e+00
1.389964614349022298e+00
1.551300014640403457e+00
1.232544086907576775e+00
1.601333584040164126e+00
1.283850448299786562e+00
1.444893792767206531e+00
8.660136841583517819e-01
2.697548263671034618e+00
1.344097179035473877e+00
1.502163606318433153e+00
1.288325060419608814e+00
1.401708535535890476e+00
1.468942755584001558e+00
1.252376106262538258e+00
1.216770826100425751e+00
1.346344401496322174e+00
1.310945121453868545e+00
4.137870152273555036e+00
1.395979421354860417e+00
7.586765276987585960e-01
1.437085229967756117e+00
2.068637915808737127e+00
1.453250022848928902e+00
1.421792097986862569e+00
2.159819445184778530e+00
1.378022648918160176e+00
2.171477677722377209e+00
1.399153246190154576e+00
5.456462960269878870e+00
1.795184623987673866e+00
4.009995169475217835e+00
1.275287561737318276e+00
1.284438492874875770e+00
1.290978922037026244e+00
1.220641383300555161e+00
1.205900464781129333e+00
8.757199384314956481e-01
1.405757387399945602e+00
3.103666114547562124e-02
1.615121785416116174e+00
2.728009743191536079e-02
1.167515523179825765e+00
1.175199058006940023e+00
3.284861302213645473e+00
1.422063309853083268e+00
1.294127084108149583e+00
1.153374577589413752e+00
1.260901646650408381e+00
1.328207674843750130e+00
1.048353892094743500e+00
1.232879062987153773e+00
1.019928048024391298e+00
1.228180743792479435e+00
1.210762931987198199e+00
9.318010484318285380e-01
1.207567010447126332e+00
2.429130979473045571e+00
1.301083216338389636e+00
1.272364545757703969e+00
1.204920830643639862e+00
1.495218854225737859e+00
1.241826884600870873e+00
1.458510373833874496e+00
1.348851966748584985e+00
1.156994257964243378e+00
1.379302721149043176e+00
7.663767079931608217e-01
1.138766602124314353e+00
1.284026522602556009e+00
1.340290784677465652e+00
1.180569432071428171e+00
1.235030644267408828e+00
1.403914070929323410e+00
1.369251555110992946e+00
2.528908149802512995e+00
1.468550259306052208e+00
1.474445654967923680e+00
1.268160188910938402e+00
6.815822222661546803e+00
4.974334327258027599e+00
1.207400763459015369e+00
1.284558889003711180e+00
1.375700887852561394e+00
1.226521434023571500e+00
4.779363778532155216e+00
1.302791324710647292e+00
1.350362220507421274e+00
1.234294066497832798e+00
2.855068156175472049e-02
1.463708193322683426e+00
5.209766082345393734e+00
1.635781856158498471e+00
1.443424443747919561e+00
1.189074243182301149e+00
1.642805321297430954e+00
1.268002031525975237e+00
1.436724599481868259e+00
1.261190057616659033e+00
1.429183553508897919e+00
1.199097443855898559e+00
1.293598506077978882e+00
1.296787976626973204e+00
1.310545887692948330e+00
1.364773650218527923e+00
1.286448834397067031e+00
1.264612186386928849e+00
5.204871229769254981e+00
1.371545873350343392e+00
1.389546999072894362e+00
1.265363535713686316e+00
4.239168024803803725e+00
1.312045196693757187e+00
1.305888802808033766e+00
1.193847733482049200e+00
1.224593811479155470e+00
1.513455068030721717e+00
1.298137737259434932e+00
1.453718826045820922e+00
1.231134040266974594e+00
1.232098118578579538e+00
6.151495767440719575e+00
1.348271123810277139e+00
1.129993941852319717e+00
1.304431066138227013e+00
1.184515549696961489e+00
1.433407184929906819e+00
1.256205289282755988e+00
3.904325399921585671e+00
9.922166814674171498e-01
1.276349355950762821e+00
1.398989530605894593e+00
1.381525213222035031e+00
1.345595166900603878e+00
1.300729469387834625e+00
2.116676054092256010e+00
1.447460552995190275e+00
1.131039815252659952e+00
4.232198142118583029e+00
1.417151401193171623e+00
1.442850476436527529e+00
1.311564005951555867e+00
1.293661886226744162e+00
1.137038403635831196e+00
8.774772173860467817e-01
1.341216907148865545e+00
1.365653553964331079e+00
4.305002985331466192e+00
1.048804857257830792e+00
1.118349349899204537e+00
1.280257093125460877e+00
1.277379040229894347e+00
1.347745758262006488e+00
1.185144550418714804e+00
1.327829598815349232e+00
1.353133576482886458e+00
1.835504566091968659e+00
1.176132094514581006e+00
1.386444694943750777e+00
1.431468302498762224e+00
1.344545186376728818e+00
1.341950733684926789e+00
1.311602371324008587e+00
3.296932217661793452e+00
1.282210004670911729e+00
1.367259814367727921e+00
7.823295253152393602e-01
1.275838769927640781e+00
1.220901474002922038e+00
1.182981596456436524e+00
1.229109295956062553e+00
1.252651574992879713e+00
1.459297672629707332e+00
4.828342193458615483e+00
1.313101174669201843e+00
1.026109294181901221e+00
3.491655424332579249e-02
1.626834745450781439e+00
1.259670020643247845e+00
1.142977422954065236e+00
1.554752686560771258e+00
9.435844953737163587e-01
5.856313661176022478e+00
1.068034161192592091e+00
1.382689990241188660e+00
1.269386309882204467e+00
1.465370408111434042e+00
1.316149354349005485e+00
1.338675701618672553e+00
1.256479224434972952e+00
1.451274797408574457e+00
1.411262066316805619e+00
1.255058286334311379e+00
1.285466735136308492e+00
1.179003774194284038e+00
1.324650348429452507e+00
1.276031569468440319e+00
2.851197731561191939e-02
3.199307407929811831e+00
1.141534585206401164e+00
1.335083560129479707e+00
1.411213961507931103e+00
1.199473664819596053e+00
1.148697165810339982e+00
1.260486042586939526e+00
1.361876722453015720e+00
1.080001417871743863e+00
1.234233122616346545e+00
1.289178428772542073e+00
3.977474662210997103e+00
1.351407821069453785e+00
1.333211106792281608e+00
1.231879915203426545e+00
1.592408719814885742e+00
1.490065120320798631e+00
1.148058587676905162e+00
1.440257965316982469e+00
1.370610314731703472e+00
1.478747108604424376e+00
1.221096249333843975e+00
1.260395807205798802e+00
1.443024944146708233e+00
1.384709420951499181e+00
1.343445949595559963e+00
1.121736975603607078e+00
8.503460363721604409e-01
6.506167040633088483e-01
1.244650166107069911e+00
1.330380327436944121e+00
1.465915941052117866e+00
1.306078868908949309e+00
1.383675448831661381e+00
4.207288628370858596e+00
1.286304003467586554e+00
1.415874388654497107e+00
3.002741680393991586e-02
1.415296393994691870e+00
1.309025153562665800e+00
1.258013919499485045e+00
1.177150712744963412e+00
1.265877875758289361e+00
7.287209930918107093e-01
1.394415222959368261e+00
1.190083348122038753e+00
1.485422082132197286e+00
1.428546328370924545e+00
1.325065678887016762e+00
4.824554461976432229e+00
1.248506842817563856e+00
1.192714572841739873e+00
1.351566807837493833e+00
1.245316813674091083e+00
1.205485563983529129e+00
1.384783380138852049e+00
1.167271851703092445e+00
1.412480549413938968e+00
1.689701159329311864e+00
1.357445886480229236e+00
1.188315239250431254e+00
1.257217323084426130e+00
1.479111283024976853e+00
1.345445620458376901e+00
1.414439094806753783e+00
1.211379335996785045e+00
1.515732699589567245e+00
1.237174397528395087e+00
1.322003485656693345e+00
1.272619417012694321e+00
1.224849510959803656e+00
2.300163236303912062e-02
6.713977583449394437e+00
1.399310468907816407e+00
1.382683059886681276e+00
4.120972509555885566e+00
1.393337720230706012e+00
1.242689147130083382e+00
3.274255330630863881e-02
1.135515754059112759e+00
4.132184442119496204e+00
2.563747101577196652e+00
1.503001293555658480e+00
1.537771615283365367e+00
1.320363635724885132e+00
1.246777466871108242e+00
1.375537308885658838e+00
1.372219888700271895e+00
1.188432429256895739e+00
1.289260724291016125e+00
1.399662923344751064e+00
1.279435421436334819e+00
4.783980277374181078e+00
1.335734546814971502e+00
4.762801158615395991e+00
1.242207574034916995e+00
1.170532191742656325e+00
1.337699466740945198e+00
1.389276129245342606e+00
1.561208176265697301e+00
1.274405145208762358e+00
8.520664666804343979e-01
1.508038364471119497e+00
4.404573140790828845e+00
1.032248973634567024e+00
1.239627047183648356e+00
1.315286056375237322e+00
1.296529240094450586e+00
1.272275485035013309e+00
1.272116907756579263e+00
7.668011470209186164e-01
1.325142996100357129e+00
1.263144185578482848e+00
2.447104902594862338e-02
1.182481087771875217e+00
1.716826342277233852e+00
6.042020819543648003e+00
3.603242567565891896e+00
1.223953718973335603e+00
1.142527228625106694e+00
1.237843941367701373e+00
1.360794031736201060e+00
7.655202314229165861e-01
1.328861292053501675e+00
1.554885331880741628e+00
1.611741052021649523e+00
1.121747900292534794e+00
1.274696846321728749e+00
1.192071209815332988e+00
2.945757360433595373e+00
1.450535971680365410e+00
1.439383419153298593e+00
1.296743307666534228e+00
1.396618625346910836e+00
1.260618879593707220e+00
1.363897976593111405e+00
5.494382707286451506e+00
1.301713751246189155e+00
1.343089618641972516e+00
9.864275631425647450e-01
1.410573251199533473e+00
5.443397213323077466e+00
1.211923635521101605e+00
1.516987352826051572e+00
1.322453084350555752e+00
1.449817364339346604e+00
1.606947595739690371e+00
1.155275691430827312e+00
1.282671219478758839e+00
1.521026559552186352e+00
1.550403761402859848e+00
3.181610339764774587e+00
1.790105419499837147e+00
2.574028480386325590e-02
1.343295305794985239e+00
1.409516843283182386e+00
1.330735417684140831e+00
1.517940718763456598e+00
1.432470514964115704e+00
1.384400511068496487e+00
1.189547614413015264e+00
1.504344424170801719e+00
1.254487982020449532e+00
3.793964993875520442e+00
1.473483956288423657e+00
1.411255740805404724e+00
1.005807415465171495e+00
1.213503743066704832e+00
1.172228447248184757e+00
1.481561201871642863e+00
1.338323803351316510e+00
1.169990427715924763e+00
1.417733523696948161e+00
1.246181657263293996e+00
1.305169364213504046e+00
1.339960482900055316e+00
1.217045666209739974e+00
1.295958680407714336e+00
1.334359861031273020e+00
1.422087215723206732e+00
1.511255191291533517e+00
1.294389173590363651e+00
1.216593303728751518e+00
1.610564653017942049e+00
2.719639305668148169e-02
1.165563907438958768e+00
1.043277660306624055e+00
3.382841904885867113e+00
9.512229494463937396e-01
1.292796757433301025e+00
1.342477831048442871e+00
1.306840304162436572e+00
1.199110641917201736e+00
1.302826704559992610e+00
1.286624511524144365e+00
6.646253852528262840e+00
1.346639863994635311e+00
1.310845345218608626e+00
3.481610050141697998e-02
1.345296318041377948e+00
6.161216452334256743e+00
1.299411125487305085e+00
1.701015801351551282e+00
7.183200987951694483e-01
1.304123327600823501e+00
1.208239660797967741e+00
1.395759542416612486e+00
1.410434451063764527e+00
4.213592738696712914e+00
4.355947928690616422e+00
1.203404326475462804e+00
1.303210002600554862e+00
1.151139372963310370e+00
1.262433732504826711e+00
1.264017398993346752e+00
1.187970611561604883e+00
1.406060067304601535e+00
1.072625496308282855e+00
1.283309564749496090e+00
1.133547447904611039e+00
2.422958070393405744e-02
5.108505566311662527e+00
1.298628823046791059e+00
5.088611257753960615e+00
6.668739496449814119e+00
1.271093180873048345e+00
1.845176777351190234e+00
1.667415367005424143e+00
1.430199028896352642e+00
3.487037333432262826e-02
1.398167323582847565e+00
1.259832375112017289e+00
6.660163842984672122e+00
6.806744648627915062e+00
1.305546725023949639e+00
1.568278463689426028e+00
1.475879776889527761e+00
4.549972003703331325e+00
1.175773818111447211e+00
1.033220977104222227e+00
1.387113924857449554e+00
1.480141041184898754e+00
1.388756419260376740e+00
1.223324837196889447e+00
1.385179412424784484e+00
1.427983545016706213e+00
1.214327723198259656e+00
1.692731305885674331e+00
1.683721086622776308e+00
1.315604759954540182e+00
1.225483756287609971e+00
1.424313554777192348e+00
1.167386164450826769e+00
1.297075092390462814e+00
1.325937327722531256e+00
1.127495896926197227e+00
4.724634090269120179e+00
1.204869799167955335e+00
6.142622148577174812e+00
7.690199336824045107e-01
1.147227686008031267e+00
1.125211105365111486e+00
1.320906810601471415e+00
3.775030534649504332e+00
1.329321811124382524e+00
4.808722282656509250e+00
1.451885024930944290e+00
1.286534736169392401e+00
1.303466474482031012e+00
3.398816429351542823e+00
1.125019160583180522e+00
1.389023398332136061e+00
3.495577243862751926e-02
5.504315898615057989e+00
1.185677734295698560e+00
1.679093741440452092e+00
1.737132129995260232e+00
1.299498457970693188e+00
4.405000765367040216e+00
1.405440515870644447e+00
1.310753157671705083e+00
1.445473589834246564e+00
3.145998832906286680e+00
1.345923751343748531e+00
1.986457953870961912e+00
1.312017990926889199e+00
1.201876761183849229e+00
1.229726076767498899e+00
1.389191345303281810e+00
1.187812840239820256e+00
1.342429145432189497e+00
1.507780911336610963e+00
1.198126800823685389e+00
1.023832365063365613e+00
1.317736364742653432e+00
2.974387489890265357e+00
1.327562622943961212e+00
1.430956146647768712e+00
1.390211471344428018e+00
1.368485866270716889e+00
1.059256203177637801e+00
1.255087895165020395e+00
1.596705862534548714e+00
1.171750854430893440e+00
1.575735352070443351e+00
1.121880519783917673e+00
1.292312035020632077e+00
1.290201250745536710e+00
1.294805816400803611e+00
1.386955067122037200e+00
1.329195032307105562e+00
1.169101974972442282e+00
6.477564105639697978e+00
1.557660405622269817e+00
1.438476347876532557e+00
1.294778541396063076e+00
1.448387449267226623e+00
1.586402510628915685e+00
1.476687290891538495e+00
1.295878629569995111e+00
1.310334607975783605e+00
1.136061550987818469e+00
1.200910666007075189e+00
1.252635682858757482e+00
1.329400608133257222e+00
1.327325603070462989e+00
7.488301543434042529e+00
1.202950977028286239e+00
1.592605106862657438e+00
1.355064316613939779e+00
1.210641998817647114e+00
1.352108208377633680e+00
1.504562742469392145e+00
1.477059207047031641e+00
1.315104408309258011e+00
1.161360854877971249e+00
1.339459849215578924e+00
1.260853093612566145e+00
2.718030112394463238e+00
1.501235426497947500e+00
1.516042539713216009e+00
3.185238621772489065e+00
1.403263423321500003e+00
1.348576658555693086e+00
1.137034662650687977e+00
1.369627725710309996e+00
5.668348223326749036e+00
1.214708508160352807e+00
1.165982235158298241e+00
1.309809163075055016e+00
6.352046382273887071e-01
1.185249805792326860e+00
1.394533216434242773e+00
1.233949064045066546e+00
1.164080549644951557e+00
1.238416262534062229e+00
5.090253246374946805e+00
1.432002447829406222e+00
1.355056130481240739e+00
2.286782691023184100e+00
4.173374256220792944e+00
1.254530168007918611e+00
1.100073276212209183e+00
1.303639688784573369e+00
1.306102944651762687e+00
1.248180548512099808e+00
1.199262886179340182e+00
1.454798458830034669e+00
1.252414334662532269e+00
1.396082275839243714e+00
3.832420642978680903e+00
1.389518187273031113e+00
2.506645631845612510e+00
1.705266998721477467e+00
1.349316963672974934e+00
1.457550619473795717e+00
1.406394093442615123e+00
1.386982759454919556e+00
1.417413244383108228e+00
1.226312062268249292e+00
1.231631498053483931e+00
1.231188606370202443e+00
1.837706294441371568e+00
1.410990465031238816e+00
1.645272052099635562e+00
1.305130917612669528e+00
7.374008646802289180e-01
1.121777668215608426e+00
1.301765314810082508e+00
1.217814980566621408e+00
1.251801145923123970e+00
1.407416818228987232e+00
1.038599865540306144e+00
1.844283291687497606e+00
1.381522572466824750e+00
1.913489754172375878e+00
1.493718201398693157e+00
1.187370254321505669e+00
1.738877904013075737e+00
1.119561067945314736e+00
4.683393252335142698e+00
1.180189934566987731e+00
1.976794250946358300e+00
1.246416033237678800e+00
5.483290250166465540e+00
1.690131778043761468e+00
1.176723726655596991e+00
1.147363299377388568e+00
1.142190902754171455e+00
2.025678943097065421e+00
1.342003899155578273e+00
1.229309364423120332e+00
1.384835532052866913e+00
1.461987687294986182e+00
1.319838890896460004e+00
1.397592661434821526e+00
1.403989348794317804e+00
1.288282444136663152e+00
1.382727710874507743e+00
1.493351703042027356e+00
1.406106088548933375e+00
1.337501206360454775e+00
1.554858168611498392e+00
1.758771475743853951e+00
1.545426557940063006e+00
3.089351128221482501e+00
1.238592326710009184e+00
2.844719482645590922e-02
1.423055743912917892e+00
1.264027982258471017e+00
1.282425924986092092e+00
1.136579613043277037e+00
1.319095730492106711e+00
1.286602044120795707e+00
1.427766152103216113e+00
1.237087503559177737e+00
1.321090889112042532e+00
1.205916624442151308e+00
1.232534410208768305e+00
1.184851773058293922e+00
3.801408011813592225e+00
1.379083740770106647e+00
1.387387388122846454e+00
1.206320256627079424e+00
1.231367991824648733e+00
1.184177420741391096e+00
1.643827141853556828e+00
1.421007057543658414e+00
1.273738507263312059e+00
1.361152772138213507e+00
1.285311306686142796e+00
4.486883897148688405e+00
4.569251159847107502e+00
8.952897143887759146e-01
1.292032323140055894e+00
1.563492059593509342e+00
1.212707863499752570e+00
1.393422701277915454e+00
1.211402691674392962e+00
3.136113299299137402e+00
1.366081876459298794e+00
1.686744089507096422e+00
1.196227970412369501e+00
1.312486249998535470e+00
1.294502976834680741e+00
1.229036365944721432e+00
1.274573701079901866e+00
1.395861879670478700e+00
1.369996055076762476e+00
1.362211546264658235e+00
1.253605688145078112e+00
1.196914335893201731e+00
1.125918993209015007e+00
1.877102073453690290e+00
1.170752723419597352e+00
1.235959073096406957e+00
1.231524186624294304e+00
1.334529947164071917e+00
2.664834391891212489e-02
1.271889008423939815e+00
5.524256765740694242e+00
5.111038092288534784e+00
5.862073219965186155e+00
1.218425812136331832e+00
1.311992948187453711e+00
1.307900162660753374e+00
1.215935629109078153e+00
1.542207967490198062e+00
4.090310329624912811e+00
4.552039613753255942e+00
1.757125095533816683e+00
1.824430276724373190e+00
2.198687919706491911e+00
3.158578722842833586e-02
1.150571730489047262e+00
1.513928530254645244e+00
1.399631073136835768e+00
8.856508313530581100e-01
1.349616699226198202e+00
1.061375486684136948e+00
1.382631512530694051e+00
1.267209126544857067e+00
1.244054412749360239e+00
1.564644071299751360e+00
1.421608581082091316e+00
1.453250862479021688e+00
1.247070699155145235e+00
1.737425838408379608e+00
1.389988136602540170e+00
1.374209179997743835e+00
1.295560815327890136e+00
1.350310501379466732e+00
1.881956328011860080e+00
1.358665741899155455e+00
1.094558270974158365e+00
1.153818963230006212e+00
1.513681339829141326e+00
1.809967384875413199e+00
3.061108674045056155e+00
1.118363273362502630e+00
1.490094669403671190e+00
1.113116859207848863e+00
1.230144878540363695e+00
1.969646152641247649e+00
1.199895887807546524e+00
1.381114736609335703e+00
1.348981868226840186e+00
1.383152709289572124e+00
1.376170580610919680e+00
1.253234239707901487e+00
4.271138711722150205e+00
1.361947595362573926e+00
1.170436719614954324e+00
1.016943964139164880e+00
1.389974688916990386e+00
1.201216660623103616e+00
1.500586401614207421e+00
1.415887023866253980e+00
1.202065696196922939e+00
1.296752500993033852e+00
6.352065358393362615e+00
3.148631350626088232e-02
1.324328896812442480e+00
8.408802976077502933e-01
1.314104947088689634e+00
2.038517893918169399e+00
1.598937606507571996e+00
1.260010303214482708e+00
1.359266339686436842e+00
1.113158634428969673e+00
1.520986689555984039e+00
1.377713168437231017e+00
1.222519336816650926e+00
1.275368896463024537e+00
1.290403149903573299e+00
3.181009736961995849e+00
1.387329730394780913e+00
1.273519988041612372e+00
3.433747765348837966e+00
1.470182446393014875e+00
1.601618494165842455e+00
1.155212977174440159e+00
4.973857500164015732e+00
1.462830731875658374e+00
1.307588807514528551e+00
1.420694889158304441e+00
3.444764784837191840e+00
1.350046478048266607e+00
1.342385050012697922e+00
1.143665725916829246e+00
1.299655384230847588e+00
1.296653795200639170e+00
5.117605706824429390e+00
1.382862536782221818e+00
1.614723458828406510e+00
1.297525409118423845e+00
6.450261907770151737e+00
1.256353179508379547e+00
1.449629660670886722e+00
1.257597276095261396e+00
3.878592012374935560e+00
1.267902673721527762e+00
1.335604637254137916e+00
7.482214967305713671e-01
1.489189419462375596e+00
1.359176728658692657e+00
1.297272816983825017e+00
1.076424785098935910e+00
1.152689676061509072e+00
1.505514258584529586e+00
1.305149021196293946e+00
1.400460359568183932e+00
1.190966874424819633e+00
1.633129079740534007e+00
1.288672362943330318e+00
5.330436539416535169e+00
1.417307706073844598e+00
1.217044900427767029e+00
1.105675429395852394e+00
1.249736817182594883e+00
1.325886449572566406e+00
1.509978826304931632e+00
1.641145779390337900e+00
1.362233913775142469e+00
1.943442280322533966e+00
1.489242843594694499e+00
2.773922647015253373e-02
1.436600695879314937e+00
7.965245653314037000e-01
1.042609167013909044e+00
1.208703130593071773e+00
1.357274976025137025e+00
8.082122695091347175e-01
1.368938788504113768e+00
4.586141412671306483e+00
2.494818690857401045e+00
1.331764437589759043e+00
1.152975072563247938e+00
1.344977385702168293e+00
1.289580011415944805e+00
1.602992653465577844e+00
1.436128131411738007e+00
1.614968637402346197e+00
2.799020302412744132e-02
8.752501053855359370e-01
1.450827330368144041e+00
1.162146731724027937e+00
1.351264080139521706e+00
1.263024900309076548e+00
1.139315329389495979e+00
1.458484790913529006e+00
2.511127778120860604e-02
1.384038507670058760e+00
1.240799551858332350e+00
2.472352735217376099e-02
1.441377859487086521e+00
1.334464427105654494e+00
1.199593618827340169e+00
7.148539487812105797e+00
1.319115163701366722e+00
1.069977385945021453e+00
1.411326426002850187e+00
1.385818204119174002e+00
5.890349945056329695e+00
1.603275124495146864e+00
1.227515779127254625e+00
1.475004200266599286e+00
1.183714693284151132e+00
1.081403714565778884e+00
1.360216667238094868e+00
3.241532958732268099e+00
1.116123468929232088e+00
1.221116008515125362e+00
5.593236069453363157e+00
1.182885602644955014e+00
1.647752734865354451e+00
1.341223735839046860e+00
1.330265770813293225e+00
1.366128579878558291e+00
1.318660294055255644e+00
2.155439124019800090e+00
1.176136948018814632e+00
1.389995221333326203e+00
6.945198595226180771e-01
4.581049041400499178e+00
1.601832413878432337e+00
1.329852500033605889e+00
6.140026839818146343e+00
1.369439866048623777e+00
1.282903964627455373e+00
1.382376336447187715e+00
1.459617611287856276e+00
1.338433929866660987e+00
1.339422076971334308e+00
1.109677620152690558e+00
1.313367942303712343e+00
1.154491155981695716e+00
1.259962086424448957e+00
1.392396535123716417e+00
1.437166839241058369e+00
9.114989707860295942e-01
1.401459071871826056e+00
1.568838670999264773e+00
4.293230545694997957e+00
1.284665503280412402e+00
2.587878804099894570e+00
1.160245216396738943e+00
1.175581351661482366e+00
1.428644866197211316e+00
1.113588261605403362e+00
1.310980404215976503e+00
1.320698413702563467e+00
1.379574458187227570e+00
1.275945999161112621e+00
1.337124208129297331e+00
1.279215182729023903e+00
1.352000299959375429e+00
1.420282073918900156e+00
1.322370320268482224e+00
1.369515389330481447e+00
1.391448402449069643e+00
1.612652925676712812e+00
1.298372649428484404e+00
9.119210909010662114e-01
1.325378143243261198e+00
1.247592676979767390e+00
1.260284366550587842e+00
1.270836668611648568e+00
1.346623732951155894e+00
1.376084825985288251e+00
2.708004423103542099e-02
1.265723409852339776e+00
1.589377353614407795e+00
1.306282810913104608e+00
1.561655022987523456e+00
1.306620157289810624e+00
9.468112987436714256e-01
1.267998753749735030e+00
7.296195371615112890e-01
1.264897619696945252e+00
1.453017715379397057e+00
7.529096711568361577e-01
2.257207593988194816e+00
7.837395066208316941e-01
6.704212502621973435e+00
1.241682799949790805e+00
1.785646032052690790e+00
1.488419976476563544e+00
1.261600514605212275e+00
3.035269478062633475e+00
7.103633467285032088e-01
6.299591490272348437e+00
1.297837917107057315e+00
1.109427393186821487e+00
1.060242258261393289e+00
1.184829253235762714e+00
1.888747453791866260e+00
1.210183686636383982e+00
1.353972077848809352e+00
1.549738174116126910e+00
1.287095143543002695e+00
1.146186112114164546e+00
1.159939307687023247e+00
1.146793910904132296e+00
1.296722121565176966e+00
1.347711812811061449e+00
1.881372998409048147e+00
1.560287335492971827e+00
1.323666636306096933e+00
1.738921443845764969e+00
1.147249696778566141e+00
1.275820386798706796e+00
1.380581167099402595e+00
1.559445107472283043e+00
1.347549263614020276e+00
1.270070438150931569e+00
1.169070137657935993e+00
1.228775861072148423e+00
1.159497871927742896e+00
1.251412885682113618e+00
1.175746410386230512e+00
1.362220458540442047e+00
1.855785635922152288e+00
1.350208981303671063e+00
1.352820504816174552e+00
1.429557583182951896e+00
5.446676481409761905e+00
1.265938913262897314e+00
1.266493821001669851e+00
1.370647960544708832e+00
3.550631234581182127e+00
1.260634332216853393e+00
1.408350300543121270e+00
1.310729312028720672e+00
1.283650188135206260e+00
5.361485733308745338e+00
1.175996949189440866e+00
6.471680776335721141e+00
1.382699380744021322e+00
3.021673131652550026e+00
1.297424393346945592e+00
1.288232587310264021e+00
1.394623783105104708e+00
1.229899300344157842e+00
1.360169377946477631e+00
1.428888643335102460e+00
2.269514179989015612e-02
1.366656990314345510e+00
1.047549757179792707e+00
1.338072983159164231e+00
1.373341571241048165e+00
