1.632693199889381774e-02
1.532180519267389331e-02
1.906730303805782498e-02
1.651182678750794108e-02
3.259320284109409993e+00
1.915087551414145633e-02
1.752455554036247420e-02
8.363860552111955782e-01
1.190621169532816825e+00
1.735960237917664323e-02
1.665952477329662312e-02
1.726549297507054895e-02
2.019789794483498740e-02
1.650228441700487755e-02
8.989812792445723844e-01
1.387491371766000015e+00
1.528110599227335172e-02
2.037231776088038390e-02
9.215284841036912589e-01
1.079002548969103525e+00
1.082431622030747498e+00
1.755821808788858573e-02
1.861975701399521191e-02
2.047628424623949839e-02
1.565415327560322825e-02
7.379961709009812409e-01
2.260645039395660361e-02
2.086924076115992746e-02
1.652758404989524560e-02
2.140447271358645806e-02
3.288513573628972786e+00
1.707837847811796012e-02
1.883022243861567913e-02
1.673716796791895056e-02
8.270825355075767105e-01
1.091913285628270280e+00
1.140057689758850135e+00
1.858037752195348252e-02
6.964411203249112337e-01
1.791805189019016892e-02
8.819095765137634491e-01
1.830938945864900649e-02
1.752558382230747641e-02
1.869003992669932696e-02
1.829541301362779676e-02
7.125531667922063717e-01
1.998510464048753460e-02
1.052416967395791048e+00
9.761505436811745984e-01
1.781228550246710673e-02
1.651738035129622292e-02
1.637049689704318800e-02
7.608960209563502275e-01
1.851729776910355021e-02
1.834870706388708889e-02
1.943434188407877974e-02
1.686128032213083175e-02
1.500964124171587366e-02
1.763687817854354620e-02
1.870208092379192083e-02
1.738142777452947318e-02
2.044320168968725288e-02
1.518777154845959813e-02
1.502643721967380011e-02
1.863252923052404267e-02
1.341635079219522658e-02
1.360670727127443608e-02
1.553516575625828455e+00
1.941611081140504763e-02
2.186958732861099541e-02
1.616548674228832430e-02
6.941292769304615584e-01
1.608249725777720351e-02
1.147423206366708026e+00
5.449689388635063025e+00
2.077470542140687215e-02
1.669690519141388274e-02
7.467533727540780486e-01
7.912863863422607835e-01
8.253901979630726693e-01
2.188209353921748840e-02
1.750824778788050151e-02
3.642054137242975109e+00
1.735905034700795102e-02
1.795553477665000341e-02
1.760561270185729763e-02
1.427112517979375550e+00
1.488272246083193265e-02
9.865657172199917557e-01
1.963432911492217839e-02
1.966848005054109769e-02
2.173451639905253641e-02
1.467350191316079897e-02
1.873453711615841524e-02
7.236727768935766747e-01
1.750172282068460788e-02
1.779770263713981865e-02
1.756688135068382520e-02
8.430305089964867937e-01
1.728515609912813916e-02
8.635606375723250405e-01
1.319043641357880992e-02
2.217431286279730740e-02
1.692516872586526805e-02
1.529547053709532506e-02
1.547950692079513510e-02
1.413351401342931302e-02
6.459060114267878294e-01
6.564788484645591726e-01
5.397246153758755938e+00
1.380142799591587213e-02
1.923339792589676828e-02
2.956030347314196227e+00
7.454982429111831621e-01
1.352344106490100187e-02
1.880626152693963202e-02
6.896126720444107905e-01
1.670968406930065098e-02
1.713155368816508123e-02
1.387947064802863117e+00
1.432951368314936899e-02
2.276955168035833116e-02
1.116115399150660270e+00
2.126863462136112035e-02
5.802972575272703715e+00
8.463595395276307443e+00
1.698203906290482110e-02
1.474702850545956540e-02
2.041250761702117014e-02
1.320063367586474246e-02
1.856031592763790483e-02
1.494638095218228831e-02
1.007508567927480669e+00
5.952267922987916293e+00
2.002400380212506631e-02
8.634876567343738873e-01
1.052930096452473041e+00
1.410926053100324928e+00
2.185122459092315311e-02
1.701535260837300223e-02
7.094452841518186226e-01
1.912178173163191566e-02
1.659527042418335041e-02
7.639252117634065531e-01
1.959694024182169134e-02
2.048863684789910614e-02
8.224677140046430246e-01
1.910662144868319201e-02
1.367507234246495562e+00
2.175554518614422270e-02
1.761154913136415978e-02
1.781654905594135668e-02
1.558366447216181019e-02
1.148005687076036008e+00
7.783267085104450533e-01
9.291838197143817979e-01
2.440531194484938521e-02
8.740455856112190336e-01
9.226133605853998887e-01
1.485895996114441897e-02
7.435972536043804482e-01
1.866597621335584073e-02
5.983484401711560707e+00
1.812123901496428408e-02
1.542566483588040868e-02
1.919449654009581022e-02
2.358416739056177214e+00
1.841338577417786504e-02
2.205632606378589433e-02
1.060675588148108694e+00
1.809811627560783953e-02
1.930183011126559989e-02
8.547425668790538111e-01
7.835038465674253327e-01
2.132391274489219002e-02
6.248319571442991105e+00
1.962478486211428549e-02
2.037841650686407491e-02
1.573889996793984697e-02
7.149080611788501960e-01
8.189527029720151674e-01
7.341288364078302209e-01
1.557498385658149555e-02
1.752027124421355955e-02
8.199972143775817734e-01
1.822667698716657833e-02
1.062728093246640970e+00
1.580080601705959736e-02
1.561420182848255803e-02
1.514889462984422147e-02
1.572733720840373620e-02
8.355709486502952421e-01
1.694599096624913731e-02
8.610232014013399215e-01
1.032598341344495907e+00
3.150710435713629742e+00
1.368229711241643158e-02
8.016264161867352467e-01
8.763839693057011715e-01
1.850665751546155466e-02
1.609068985746879565e-02
1.700526748200826416e-02
6.777592484048745591e-01
7.033532876150300206e-01
3.379269946408829828e+00
1.960871127404532899e-02
2.128819953901503470e-02
1.474694442605375619e-02
4.877144409819019089e+00
1.442421441774074942e-02
1.834892395661937015e-02
1.803943236511071010e-02
2.119021447711347261e-02
1.724148627338452713e-02
7.407713301431515518e-01
6.798748473875378950e-01
6.715621313415555127e-01
1.660302636949311308e-02
2.173999845610771406e-02
2.009472628696013299e-02
2.984246905699461383e+00
1.838623582550199739e-02
6.499591727343759784e-01
8.755706088855897962e-01
1.127482942429501644e+00
7.847984401485867956e-01
4.335915891557401203e+00
1.585396721136905773e-02
7.382933237863631426e-01
1.782682624669095633e-02
2.305425328404939189e-02
1.391665703275375698e-02
1.480224111583560744e-02
6.569502740107694416e-01
1.751610151184494757e-02
1.230054762593680184e+00
1.789017262690680704e-02
1.093723861611814563e+00
1.835564345707008105e-02
8.994428560428189279e-01
3.731184546026103277e+00
1.977879386524366082e-02
1.860149691482240394e-02
1.793210846078670262e-02
1.574456550576546973e-02
1.879964555111102859e-02
1.549329251402926586e-02
7.980134475833176033e-01
1.727047168903063368e-02
9.653309874272482105e-01
1.561140885452879344e-02
1.714457339564440935e-02
2.071159864499449305e-02
7.563849214735853810e-01
8.234858250551503334e-01
1.572432284602818045e-02
5.467589549456866038e+00
6.122856141444520617e+00
1.620749963429718096e-02
9.450579973531255673e-01
7.663187043790695707e-01
1.466355771832328000e-02
1.711226688827856279e-02
6.996532483851057860e-01
8.223779018349426373e-01
1.089752047970305338e+00
8.392618914650741280e-01
1.447388072601382344e-02
1.543015144051759595e-02
1.500357577522392488e-02
1.693357433623013733e-02
1.646594503038059654e-02
1.977016145215188328e-02
1.778244498280177888e-02
1.130507366905296962e+00
1.997896709004166188e-02
2.035585838972818820e-02
8.071989929257719076e-01
1.571343918016649299e+00
1.826356733169975932e-02
1.774590243223017269e-02
1.750865382814135313e-02
1.704097603666200611e-02
1.889841527226200288e-02
5.102767941962664366e+00
1.723140998683165420e-02
1.932524634109909767e-02
7.556916679072169796e-01
1.828726939436241261e-02
1.298466914834245145e+00
5.476206214504188097e+00
1.629260594454930156e-02
1.140854850195840875e+00
1.990271626393295620e-02
1.673519201576230755e-02
1.827525799825583178e-02
1.500705026020020316e+00
2.044904019390144864e-02
1.879005552931734338e-02
2.276866649241233651e-02
3.443578154977542383e+00
1.572394164795574978e-02
1.647342361401463867e-02
1.634504661346668913e-02
1.438694518391096799e-02
2.034230308349883540e-02
9.674858912420465362e-01
2.574031395673193057e-02
1.843460007756326374e-02
1.084728343643632797e+00
1.525726491184284037e-02
2.073580408750434062e-02
4.035789575323354583e+00
1.075086448220766044e+00
1.785440745339314864e-02
1.964357801830383596e-02
1.659229344906072712e-02
1.677032966321582302e-02
9.953448982130269629e-01
1.844494131467518810e-02
1.750377114241134791e-02
1.920150003845749048e-02
1.764057543116640675e-02
9.095829654285417787e-01
1.977774480912923405e+00
1.726813502154203941e-02
8.377707534105541809e-01
1.701471873672707677e-02
1.673391952379481989e-02
9.003696151972457873e-01
9.551626846296803475e-01
2.126512557893420891e-02
1.606744323150079146e-02
1.486304824396725177e+00
1.996863052884696732e-02
1.861424577379160866e-02
1.583640815900607540e-02
2.012723579849091254e-02
1.724791770400003685e-02
4.267378167654557686e+00
1.604394241591741363e-02
1.479073795788568048e-02
1.599247831342468992e-02
1.684187046083386249e-02
6.486228912106823952e-01
7.298925363973953750e-01
1.216730128901002406e+00
1.874658385051108586e-02
1.930136185552915051e-02
1.858391018278348142e-02
2.544777960474692513e+00
1.075260252522647786e+00
3.973412335449977739e+00
2.107619416694584899e-02
1.887065899428840704e-02
1.162776532545093167e+00
1.748321484903016254e-02
1.938956693000321030e-02
2.637935074686670323e-02
1.610708892675573323e-02
8.295146600710617824e-01
6.957064243722864694e-01
8.999314472238415519e-01
1.537509162461711369e-02
1.887225606729289046e-02
1.722832148151579035e-02
1.733706903872130750e-02
1.826103784568807592e-02
1.575633304659407319e-02
1.571467298064500862e-02
1.711805768615894119e-02
6.888624262077723159e+00
1.435463826702143911e-02
1.618487407471565567e-02
1.014655021253511036e+00
1.789359959906941522e-02
1.726539486162256831e-02
1.534788653233972594e-02
6.424396540634094155e-01
1.522416871836015928e-02
4.130703409199642628e+00
2.186135685731723566e+00
8.212652763523785593e-01
1.704505460532634506e-02
1.558982222435170532e-02
1.655154065626654111e-02
1.769329744456948211e-02
1.625187347318615694e-02
7.675011325863324574e-01
1.291428653775977473e-02
1.799336728464714583e-02
2.241591243384843252e-02
1.495986407670317139e-02
6.377035315522326941e-01
1.991397435447492953e-02
1.706436342713452819e-02
8.291948140406399936e-01
1.629903534939453752e-02
6.925892013582388707e-01
7.807435645375727651e-01
1.751717943181402976e-02
1.882683582727269489e-02
1.395269210023025730e-02
1.821830920109888258e-02
1.689502604971499650e-02
7.801011981477615764e-01
9.673586539064422674e-01
9.005700713923261436e-01
7.773995854189250654e-01
7.904450681080807950e-01
1.441830965897233224e-02
7.078867751163192557e-01
5.609729169232721802e+00
7.135717129706606876e-01
9.913590383952237683e-01
2.119868960471634964e-02
9.615754205770890017e-01
1.873704625332449358e-02
7.036020943203074030e-01
1.862975315717035202e-02
6.796550454077182613e-01
1.110317018335765099e-02
1.214045448116539250e+00
1.127256880268262762e+00
2.056345690963346656e-02
6.900717479481526251e-01
1.863421372835898787e-02
1.826716666831228533e-02
1.324771351667594299e+00
8.153059561245680209e-01
1.497124700392110999e-02
1.500523277680837833e-02
1.652521708232607481e-02
7.974279973246656716e+00
8.843060930267422348e-01
1.692354533561810093e-02
1.793902937543605247e-02
7.888619263278726645e-01
1.777237953837175130e-02
1.808219378400764688e-02
8.177142460553149528e-01
1.867086109703925551e-02
2.056589958330505216e-02
1.649252054476986820e-02
1.534952061184345629e-02
1.739194833391664863e-02
7.619575119973329702e-01
1.268821129305760076e+00
1.524146787808157086e-02
1.477554551280447354e-02
1.887074532160075771e-02
1.791398312918758215e-02
1.611743215029051018e-02
1.655182006400925804e-02
1.668331508302178107e-02
1.757359347000746197e-02
8.479512178784029963e-01
5.802870580229072539e-01
1.422475217335448031e-02
2.056828376972572384e-02
1.410020986526058451e+00
2.197443674533835350e-02
6.860220580504308163e-01
1.536499134345347892e-02
8.430470072455994446e-01
1.814145090465397320e-02
1.724146733552965952e-02
1.423534859094834071e-02
6.797027673116033952e-01
1.950458962872757968e-02
7.778723910854774548e-01
7.275110382650800123e-01
1.362664314864623805e+00
6.064032657116488423e+00
1.643982397018463326e-02
7.837299885528772325e-01
1.492958347086897723e-02
2.186449465372659884e-02
7.947168330818548121e-01
7.145658972927155794e-01
1.446635234848881769e-02
7.298302199112274291e-01
1.917184338485896505e-02
7.287598255097779143e-01
1.802066007455163307e-02
6.943743199151646284e-01
1.555847720870915524e-02
1.786130910678369876e-02
7.081198597974478481e-01
7.351965955632455696e-01
8.295133584813552119e-01
8.928636985026308093e-01
1.516160869855871091e-02
2.068673163257979397e-02
6.391235804887175576e+00
1.412745879065374112e-02
1.531996476067632243e-02
1.380697088785929130e-02
1.808981013065689633e-02
6.643757877709048909e-01
1.627020775828649096e-02
3.398680077141199796e+00
7.632023092760724658e-01
1.476830284738041635e-02
1.606653134378552630e-02
1.745773620075869240e-02
1.924322654754639234e-02
7.217607340259870607e-01
8.426419392489353788e-01
6.835926891921214610e-01
1.578576709174008691e-02
1.844482927289449112e-02
1.678083806014444776e-02
1.432537686320660419e-02
1.876012542447456216e-02
1.419317477997849436e-02
2.036964029752705296e-02
1.699136789315255566e-02
1.477565285352887628e-02
1.546166599953218215e-02
1.633117810785006049e-02
1.731347221928097174e-02
1.692857759646016619e-02
1.560446738396314634e-02
1.812073554339804771e-02
8.427868233262927333e-01
1.905546420829597187e-02
8.685742995200402827e-01
1.847601280973141386e-02
6.965064120758344135e-01
1.497849999803396032e-02
1.547448704935652265e-02
8.772461097650846584e-01
2.034236307798978002e-02
1.667094566791908067e-02
8.451733286895007913e-01
6.946805432217484366e-01
7.762699892278387415e-01
9.092889549585659870e-01
8.249656856954408202e-01
1.643133538505239799e-02
1.756499380381424530e-02
1.633205762603979691e-02
1.637607854814553121e-02
2.019141916505875350e-02
1.189170217097596627e+00
1.624541228714058982e-02
1.358464738152745377e-02
7.785081605714144759e-01
1.584078550054856399e-02
6.639995061445225222e-01
2.244690474876203864e-02
1.727057829823945567e-02
1.608445415922703930e-02
1.478232272496900028e-02
8.372703960389159539e-01
7.093497684602088071e-01
1.601050588972977029e-02
1.683783326722777113e-02
1.626613006234414044e-02
3.606824171813427071e+00
1.812290278282864542e-02
1.643407788838490563e-02
1.865681745008763992e-02
1.398818573253681974e+00
4.228745896083578870e+00
1.211278709569711953e+00
1.960034246072230035e-02
1.844369197911101960e-02
1.724223686736977429e-02
1.310596799174578830e+00
1.006077403501091538e+00
9.939167063012586123e-01
8.218925780739317899e-01
2.234451267262051871e-02
7.919776757813052903e-01
1.992928040210829865e-02
1.037043149054190483e+00
8.262655312257523033e-01
9.685225178550413982e-01
1.933755158660360046e-02
1.702488010923773262e-02
8.301339489373827929e-01
7.834018441073138384e-01
1.198711512066047202e+00
2.245349228692685925e-02
1.726804556606637703e-02
3.376782920107003427e+00
1.543327948755963269e-02
1.729905692243942639e+00
2.013191361277223354e-02
1.784976806276477104e-02
2.881603804045486328e+00
2.056373935295378180e-02
1.324154007375345429e-02
8.571098989510181898e-01
1.302201538863977451e-02
1.030748281728326443e+00
5.193779920996462351e+00
1.734028977120590995e-02
1.867213851879818629e-02
1.432913904779451603e-02
7.782996504737815791e-01
1.480667183641427159e-02
1.566671609582975799e-02
1.803176287129354752e-02
7.486135737348584840e-01
1.724516718770190860e+00
1.224984702644559942e+00
1.131147568789139912e+00
1.865483007032218629e-02
1.475390410910080996e-02
8.412804758756563528e-01
1.996103549316103135e-02
7.077904329698800900e-01
1.886328425750093130e-02
1.722893013915981902e-02
8.937863835831877379e-01
1.580794643064201491e-02
1.391329299202502590e+00
6.566622153745620416e-01
1.443920215362655066e-02
1.700512398487991766e-02
1.304099196005959957e-02
7.179959694234843148e-01
1.948451610539125509e-02
1.596885910936689246e-02
1.482555215867705292e-02
1.737154782221806901e-02
2.281693862855708674e-02
5.302349812552265007e+00
1.889990321762882730e-02
7.650594287588086129e-01
8.791844328926909924e-01
7.638187777161202785e-01
8.777112679969460984e-01
1.668865340606826356e-02
1.194141362389368854e+00
8.598740338348336287e-01
1.487156858181741190e-02
2.110200182431867799e-02
1.516935016335366551e-02
9.792882162851396233e-01
1.738145620662353771e-02
1.524561076992021411e-02
2.236609503745710936e-02
9.969099483620009750e-01
1.576776478045427421e-02
7.891063464326536492e-01
8.394733208474982611e-01
2.826145689445212383e+00
1.022720881270310356e+00
1.416865934960315654e+00
7.644305361671315246e-01
8.955443280170888309e-01
1.629029230079985860e-02
4.959318905111333109e+00
9.068109936748622868e-01
1.419051148407960566e-02
1.226535562584935235e+00
7.675476816268402835e-01
1.609701171817988843e-02
1.927678967366529619e-02
1.499759884543430850e-02
1.601726650785194328e-02
2.174166810870241662e+00
1.987481146304696800e-02
1.106020487144391939e+00
1.446880317556888465e-02
1.733093221794987371e-02
1.614066853046603606e-02
4.041378946098433289e+00
8.507040590554386661e-01
2.111869459215296937e-02
1.486552245202706068e-02
6.544315146165617492e+00
1.433568725586362169e-02
1.968131624013204697e-02
3.425849062046161020e+00
1.629348702084157385e-02
6.892034865465738180e-01
1.655315706215015198e-02
6.076183372734918819e+00
3.563916707834154263e+00
7.358447208546631257e-01
1.842360567606266680e-02
1.739104492396636309e-02
2.092140133419279069e-02
1.807087273663508104e-02
1.513547247614567548e-02
6.626394046325285725e-01
1.147147077108089386e+00
1.658362571866535060e-02
1.463637393585559901e-02
7.446883107635445809e-01
7.277543867113358544e-01
2.047014375118037799e-02
1.474777426709582631e-02
1.763305533008932210e-02
9.297470605487604400e-01
1.582824433437132056e-02
1.939164318483369356e-02
1.669151911942363953e-02
1.385141487609069744e+00
1.597384207563776887e-02
7.246300013715012422e-01
8.136332305218588745e-01
1.075776455604914750e+00
1.951699591870993677e-02
6.913180411298778250e-01
1.747403599507199590e-02
1.685126617452686187e-02
1.898718072845696075e-02
7.467479914236829774e-01
7.873903621010041043e-01
4.111907046295419477e+00
7.900255706995049643e-01
2.112046372150534410e-02
1.145541373898506077e+00
7.433498225655573721e-01
1.854068185280776868e-02
1.543631606153070268e-02
1.535431282087742350e-02
2.001625189086983503e-02
8.132572921951300993e-01
1.793461108223930178e-02
1.267528796719235087e-02
1.691248111845733079e-02
1.571366278414539769e-02
2.054074761692334383e-02
6.667546864513216320e-01
1.802935830460634242e-02
1.720941854319447267e-02
2.051071186967213383e-02
7.094865770047271702e-01
1.507192486882458909e-02
1.613226060210784171e-02
1.445302454175431336e-02
3.517625836854539223e+00
1.668535604005852435e-02
1.736385662191029106e-02
1.743213544803477733e-02
8.463356859476484084e-01
1.458978915587735153e-02
1.769809386367124718e-02
1.436285652464575242e-02
3.127100483302571288e+00
2.044258382685702063e-02
1.665658145150657188e-02
1.565882278756278861e-02
1.291570179551671416e+00
1.792923266846677827e-02
1.626231428783309063e-02
1.216468271570589690e-02
1.868915418618139618e-02
1.399298799981278651e-02
1.556240763371866453e+00
5.167453697482849329e+00
7.737333649744480013e-01
2.069011749433309622e-02
7.238541638942769252e-01
2.100890051810386933e-02
1.717936952161149347e-02
1.869202442402184347e-02
8.619916105339469059e-01
4.025687072680903533e+00
1.810860990932365230e-02
8.578292095688595520e-01
8.178563295525715926e-01
1.678522858575033291e-02
1.827592408020349612e+00
1.730799690915120134e-02
7.745534193061007766e-01
1.647745544420011268e-02
1.549602532594465676e-02
1.481322578968027326e+00
7.603227433231650734e-01
1.800023943560135134e-02
8.136046403292351847e-01
1.977621652503886926e-02
1.633335298126046067e-02
1.820580421920123607e-02
1.668372533802044144e-02
7.779052728758344415e-01
1.614885878685577009e-02
1.674456169854413035e-02
7.369810000504762870e-01
3.266720063936546126e+00
7.740159281835798932e-01
7.623460195697364661e-01
6.686851924869933184e-01
1.445762031848627643e-02
1.898675512817200872e-02
1.642829684372112270e-02
1.749628361800687273e-02
1.126912224979723653e+00
1.098767327571988250e+00
1.658350548344402278e-02
2.011805114896389468e-02
5.853006214539092866e+00
1.451020902926883696e-02
7.801895381863075407e-01
1.336396877977569897e+00
1.517801680532657529e-02
6.907179044341673624e-01
7.090283248203840261e-01
1.459063087438281989e-02
8.261058662138164310e-01
1.560400561589510987e-02
1.488432854334682809e-02
1.337708039787767866e+00
1.495824695798258011e-02
2.072351507823636321e-02
1.838293262902503111e-02
1.545513561800759827e-02
8.859531533713977947e-01
1.608454160897546809e-02
1.623859004968333450e-02
1.493155128284095329e-02
1.500954313900484255e-02
1.114529037801892386e+00
7.142562910910527085e-01
1.795595018788248218e-02
3.423343113432904872e+00
1.826292529616584462e-02
1.631487530211320203e-02
1.053516550915752470e+00
6.273169055413883033e-01
6.214245375326411525e-01
1.373878085082417058e-02
1.677473776278438217e-02
7.224538468404984037e-01
7.901784502880899730e-01
1.373790855674464351e-02
1.303205699799046650e-02
1.824526798633152591e-02
1.392026900563384482e-02
1.379373349003556841e-02
1.599501186989202295e-02
6.953983478458057865e-01
1.335225932434010512e-02
1.708302962353516058e-02
1.960748775529281077e-02
1.326629223375933204e-02
1.361528874463223404e-02
1.630490789057003481e-02
1.727529797438809994e-02
1.395887823360258739e+00
1.711322490249595624e-02
1.145152414816226205e+00
1.851644100847511104e-02
1.288951521273991666e-02
1.561638301321950292e-02
7.391389997580657401e-01
6.964154068912300488e-01
8.728803161690619206e-01
1.746935436156221017e-02
7.321997438655269974e-01
1.267063435876142341e-02
1.649101942420632544e-02
1.510977356597007631e-02
9.082855747105282873e-01
1.356691329806602564e+00
1.673313530236699917e-02
2.343012239892687809e+00
1.387920137172816981e-02
2.206482451836280431e-02
2.053146558336066407e-02
8.476907881008863832e-01
1.741763554611037643e-02
1.313522637562724790e-02
8.306988180006860123e-01
1.516460525923955457e-02
7.792451310750154736e-01
9.245788356394557539e-01
7.513717351976265668e-01
2.032478117198996403e-02
2.092057722919241775e-02
1.468006097417360808e-02
1.738304866684710348e-02
2.150239435214124431e-02
7.788989281323894787e-01
1.390768100128262144e-02
1.946127284191296464e-02
1.417540839814841573e-02
1.659927257650717358e-02
1.545770950045685134e-02
1.158506962578437563e-02
1.572940614712413018e-02
6.737927437982257350e-01
1.396018339651710662e-02
7.958600962915540755e-01
1.530791364761173098e-02
8.292211185340113699e-01
8.681326813540759524e-01
1.464143278662191280e-02
1.909993336557689464e-02
7.592766297529467412e-01
1.698543225271848672e-02
8.158136177320953752e-01
6.707479673655576846e+00
2.882955454489290137e+00
1.793184522418007215e-02
1.722593869604691075e-02
1.826361980777848476e-02
1.096985636767281669e+00
6.477420156252718941e-01
1.722323416713061883e-02
1.786495810529749317e-02
1.371010646738361413e-02
8.508503773385729385e-01
1.865503070196396912e-02
8.989897986191495161e-01
1.130900967660244394e+00
1.882638919140507128e-02
1.456183667745718918e-02
7.405355486837934542e-01
1.933831255372387217e-02
1.338705283520273681e-02
1.684377473488155377e-02
1.879196274700340938e-02
1.827705937601743935e+00
1.523235196705766820e-02
1.798108926323812445e-02
1.731328291030140992e-02
9.336894684320145021e-01
1.618905099768059436e-02
1.541439396144700727e-02
1.573895357834078496e-02
1.579660373584309413e-02
1.333055422152231925e-02
9.858277088050735326e-01
1.625883743434711898e-02
1.664402773053414233e-02
3.744098357139695743e+00
6.563238422822199603e-01
1.588480229581144473e-02
8.037099818610933255e-01
1.676947666615404009e-02
6.961924587760639493e-01
6.958854009995156797e-01
1.568141641886827697e-02
7.538832377934019391e-01
1.385142437960626069e-02
1.769544014935250237e-02
1.777130296009069715e-02
8.478482482780487217e-01
9.960241949684427443e-01
8.298697155974731343e-01
6.430707057784580405e-01
7.854471767132674698e-01
1.066166043704180444e+00
1.042215080073614963e+00
1.475788560302523054e-02
7.875310173102527678e-01
1.690901175347250471e-02
1.645372060475173634e-02
8.150142926581975811e-01
8.535462633409094391e-01
1.475813401445595988e-02
1.631875008776917033e-02
7.496908015383376700e-01
1.815208638285875989e-02
1.756732681816015884e-02
2.207515795966416561e-02
9.331578129184650017e-01
2.149930192849289212e-02
2.614377802210809509e+00
2.192189932786248532e-02
1.429935723273484394e-02
3.602350152554344653e+00
8.483716420631497446e-01
1.331174879617071927e+00
7.395258714980929016e-01
5.967477338640151174e+00
1.904587067552147850e-02
9.628355102708493485e-01
1.945688017392201846e-02
8.364559964447375595e-01
1.716766541451026501e-02
1.607358735224387325e-02
1.026944515169673888e+00
1.551225691795616105e-02
1.493824950481413213e-02
1.585191994560686268e-02
1.836127787734281869e-02
1.477473843808026557e-02
5.505285995265284171e+00
1.362310678928128904e-02
1.770659541696366357e-02
1.374055724629526069e-02
8.258164482733948430e-01
1.155997098885252372e+00
1.413648500919014589e-02
1.656115715928896170e+00
1.437742973563069238e-02
1.640066835757968133e-02
1.615247154724127818e-02
1.058109133490148679e+00
1.323398236145628161e-02
1.723659917367457994e-02
7.264901342198422096e-01
2.014043458631759737e-02
7.205492459343587619e-01
5.816923759197981880e+00
1.750345461297207403e-02
2.053604500165789534e-02
1.521074186100753248e-02
1.899137002612618502e-02
1.863422719912369643e-02
1.686856849386981355e-02
1.594196567520717728e-02
7.192786369851735806e-01
1.659236798921650061e-02
2.380736935013692476e-02
1.494052340883175733e-02
9.416963857812250538e-01
9.438469194428538156e-01
1.178836468443074104e+00
8.888258148238419309e+00
7.616986587025479372e-01
4.774523267030033935e+00
1.301379643161857877e-02
1.877755208980409041e+00
1.125500998339499237e+00
5.853561055490332343e+00
1.661658149664104606e-02
1.406917420172141761e-02
1.693774412571561958e-02
1.872744595140063764e-02
1.916598267174204201e-02
1.583438772997966190e-02
1.463384444523717180e-02
1.750396700385387083e-02
1.476690928369241845e-02
1.467804396075154776e-02
7.471570437099275264e-01
1.652291359527790354e-02
7.133108698544866622e-01
1.056788025448037072e+00
1.543101347557815028e+00
8.363790244673022789e-01
1.239294211093727727e-02
1.505728897052928741e-02
1.329509805611028828e-02
5.044342169129075515e+00
1.184909845786273792e-02
1.715128084429539887e-02
1.980132898285605694e-02
1.286258462888538290e+00
1.361593941774173755e-02
4.864316090867614406e+00
7.466186706671211759e-01
7.797037004763502921e-01
1.467374319247150352e-02
1.288738686334904224e-02
5.070253589404607908e+00
7.855118477317368786e+00
1.613284734130538897e-02
1.285121272350616198e-02
1.635587045955759322e+00
1.452296073085983241e-02
6.803785854334725158e-01
1.524415725569239037e-02
8.713964489183688045e+00
1.544085063492712726e-02
8.259337673136935010e-01
1.435327173425990019e-02
1.444121805833312733e+00
1.273550282634848194e-02
8.287286280782162340e-01
1.518320478227251982e-02
9.573556073345457218e-01
2.218972982028395435e+00
1.433306892816055798e-02
1.561091410943320212e-02
9.125247504415309185e-01
1.391013513448145604e-02
1.650082219663079108e+00
1.786152278332936438e-02
7.005305667187925467e-01
3.191033861806892080e+00
1.807805617752682170e-02
1.355825560574910361e-02
9.132178645806525719e-01
1.555191865351960093e-02
1.379275716756256896e-02
9.550234047273221671e-01
1.103924977830641030e+00
1.525334891925610864e-02
8.674476121324627975e-01
3.945367210840054817e+00
1.507585565673318778e-02
1.907519240543444072e-02
1.498767071887706706e-02
3.315275697452949366e+00
7.087440241833677934e-01
1.837891709631914866e-02
1.212361819276985386e+00
1.719335583846826748e-02
1.950073475063935496e-02
4.777752856035617945e+00
1.723235899137388200e-02
9.921390967198011612e-01
1.568752377776420209e-02
1.685825150483775264e-02
1.473536252850253872e-02
1.653822251507332600e-02
1.280631676144198039e+00
8.350212015821658618e-01
1.618121964877544325e-02
1.615318989237767705e-02
6.476973638317281567e-01
1.847966996422277866e-02
3.354652877774856989e+00
1.394912280218255779e-02
1.354099538526121541e-02
1.605025327928824228e-02
7.925153415885810571e-01
1.986278861496628551e-02
1.650359133998628020e-02
1.754879302578480488e-02
1.176116624191630988e+00
1.664092165020843866e-02
1.590761718294282645e-02
2.040697507963754737e-02
2.242033276488780702e-02
1.528565979361584670e-02
1.377624008427886029e-02
7.793794968528553468e-01
4.431853076395658064e+00
8.677942677172546526e-01
1.696147985966135405e-02
1.331998205704753614e-02
2.326065382273873716e+00
1.630319618006104837e-02
1.364696680129924913e-02
1.324507461349066877e-02
1.561384860353473222e-02
1.497654368757719325e-02
1.350650251268936328e-02
1.605232573267419138e-02
7.347393293112901569e-01
1.546241990993905101e-02
1.598111056515309769e-02
1.010453409745856845e+00
1.562123062903555265e-02
1.482830366610109543e-02
1.754441696998506467e-02
1.200227080308211361e-02
1.913689458557951695e-02
8.409781847249923059e-01
8.479648559765844418e-01
8.726292011677221350e-01
1.646953741167269530e-02
1.846820889620743797e-02
1.891974260611950509e-02
8.104997192537454209e-01
1.666477240584126815e-02
9.133597035772104133e-01
1.758406738236361136e-02
9.332536792864885022e-01
7.605406415191054981e-01
6.153625230816053282e-01
1.038583411229200948e+00
1.462905512082543158e+00
1.692523530717898739e-02
5.810418829646861738e+00
9.527737716691166980e-01
1.753161733955830442e-02
1.601867299118422266e-02
1.935121327435621388e-02
1.754693569191472999e-02
1.512944278528395234e-02
1.610508969382385552e-02
1.420541793457881508e-02
1.761846874600202228e-02
6.305351340169509378e-01
1.662528303355983894e+00
1.820903528288139728e-02
1.336930553299168524e-02
1.369034010934096560e-02
3.565461582551598951e+00
1.941226401149405423e-02
7.912481679204621532e-01
1.715257014429949836e-02
1.387511436489598064e-02
6.556004493336912153e-01
6.667049684605326210e-01
1.683961602470718938e-02
2.714800065172123134e+00
1.537984047940779697e-02
1.929591794904762098e-02
1.602080771004643286e-02
1.368505194674970227e+00
1.429739452268914690e-02
1.690625433023951879e-02
1.632973000800834115e-02
1.752007016459555810e-02
1.474397573918624291e-02
