7.625108404313773666e-06
9.742436459815001504e-02
6.974281037249761839e-02
2.363383862318030500e-03
3.947486664485465833e-03
8.212017741589081217e-04
1.290640166481155315e+00
2.755342049733010279e-03
8.379655779153683155e-04
1.593028442032173309e-01
4.927928195893954092e-04
4.391047618444399343e-03
1.417269962162515107e-03
1.142716842089273932e+00
1.887318165266323004e-03
1.947992507197525251e-04
1.941635538837910638e-03
8.961975750443524902e-01
1.042891409812998660e+00
5.156443637631401289e-02
1.790080394364321681e-03
6.534779111615135472e-02
8.550065614594242608e-04
1.425533726402606130e-03
1.126470375855654460e+00
1.847033412723224181e-03
1.956490159957023287e-03
2.246011075692192112e-04
9.710438891225078167e-04
9.760376656700835152e-02
1.497172498223894754e+00
3.059113062931535874e-03
8.082356596072581834e-02
3.175481712781801427e-03
5.132963280405763995e-02
1.136763666341172652e+00
2.366649546152050157e-02
7.524052930597709393e-04
9.514686097754543326e+00
2.871153223510431590e-02
5.844807857604350856e-04
4.146897033463291249e-02
1.223244579673487431e+00
1.316160951894311884e-03
1.506970785522699474e+00
5.023935470364029876e-02
1.272974759244755241e-03
1.213376827167664151e+00
3.998951064933503607e-03
1.849077011940414988e-03
5.129988993212140913e-02
1.069163304502990458e-03
1.473053774480280464e-03
1.008633915505252436e-03
6.854373584408705034e-01
2.899722976107417249e+00
1.343734205990455670e-03
1.787547352736725548e-01
2.280982714059337675e-03
2.144998103127373785e-03
1.079898807660469029e-03
2.816218537202263006e-01
1.192504924669345601e-01
2.083402938754715938e-01
5.489784348430110095e-02
1.274967951389685680e-03
1.425209768137421923e-03
1.034454409573275085e-01
1.325234529458436006e+00
1.889234308775482665e-03
3.941078007353012932e-04
1.038114649491718922e+01
1.268539543982923328e-03
1.800276335910146186e-01
3.056072741998899778e-03
1.406413211635631350e-03
3.227448177208553553e-04
1.107833791820637959e-01
9.280252265991363103e+00
7.853697207234408562e-02
5.718837618229194453e-04
1.149122637171777317e+00
1.039274607483955254e-03
9.437867497763237704e-04
3.167557092317432321e+00
5.884368603243247953e-03
2.673946666951971043e-04
1.803518544606259877e-03
4.331662239934953168e-02
1.203508461213065837e-03
1.452653724366720616e-03
8.757785980261162742e-04
1.333549217565428879e+00
1.573833670695558296e-03
9.393613631069157310e-04
5.547744852047434838e-01
4.109551998193367722e-03
3.250174467448893600e-03
6.454576017030345947e-02
3.655682101110618171e-02
7.154601255038722796e-04
9.745672861757377348e+00
2.107563835748649445e-04
2.440658878078399985e-03
7.506065651118103421e-01
1.898721974783866173e+00
3.640125557874360207e-02
9.004760056354008807e-05
2.227477502686844857e-01
5.973526069036790009e-04
8.962297599392709223e-04
2.374486327976399816e-03
3.075879679499259889e-01
1.829019264071016226e-03
5.623035506941882755e-04
8.936296620165959936e+00
3.401678319346731344e-03
1.071821523262705300e+00
1.481503796695988195e-01
9.844311270710151898e-04
2.631225903937058942e-05
1.005097525168119788e+00
1.579069329720536033e-03
1.698872460597182776e+00
3.964979320574834459e-03
5.898576801830158686e-04
8.397404362928528182e-04
2.301955806860094857e-03
1.558151931581811811e-01
3.762324923399090748e-03
8.646784740878378228e-01
7.237638268103994965e-02
4.379599195548720958e-02
2.730260245067853836e-02
1.186102261102696398e-03
2.123472134521378792e-03
3.295744045811469826e-03
1.347468249367715816e-03
9.470295523458151621e+00
7.611014126467041674e-01
2.312605716207781548e+00
2.206653864406948190e-03
1.269327784715773913e-03
3.919771792917360609e-02
4.237007228229169309e-01
3.700601455872987991e-04
2.675156205693071665e-03
1.341570109843046144e+00
2.085580900561144480e-02
2.349245595483452353e-01
1.544901307731031629e-03
1.925127268666042973e-03
7.258784587122033005e-02
5.928991335088754262e-04
1.821135654355254818e-01
1.404362511884481995e-03
1.890169481334968982e-03
1.351623621447395063e-01
1.295292875311713707e-03
7.580040943723316202e-04
9.952366346619263490e-04
3.819183586159452526e-02
1.609291362813691090e-03
9.643287218959132462e-04
1.685689177183350221e-03
9.605507678480247336e+00
6.454245358355441275e-02
1.778350224313563974e-03
9.068555769756563023e-04
1.769769087012615025e-04
5.644630561440568822e-03
1.004096959164798263e-03
2.402551562117908809e-04
1.184501851303539077e-03
6.085094061597776799e-02
3.263250841284140967e-03
1.058188846260403604e-03
7.664378997332341181e-04
2.126797439454711051e-03
8.739997694400641892e-02
4.447522303203518823e-02
1.783355468784358910e-03
9.402857951607661302e-02
4.255877562403228079e-04
5.655652120774420574e-04
9.718992017395955418e-04
1.698811728298429968e-03
2.111451655757422621e-03
1.970541171587635726e-03
3.976922182663788358e-02
1.020668286721140988e-01
9.146157306967381828e+00
7.153049758871522779e-04
3.240958489451760752e-03
7.233693897967588549e-04
5.536432695222187096e-04
5.403796961980964486e-01
1.774169505872329623e-04
7.712431355701970109e-04
6.999850946021769771e-04
3.369394679500231637e-03
4.162119319120065331e-02
3.498566524151374910e-03
2.675240173811955884e-03
8.922974372038306595e-04
2.678029358360926176e-03
6.604664059172350721e-02
2.945362492104792659e-04
1.823335276184143844e-03
5.867045466164241829e-02
5.109913436248273572e-02
1.675551287177239404e-03
9.863120146148627448e-04
2.097464874712018259e-04
4.956704895787814730e-02
2.101692081972084125e-03
1.055310226159067444e-03
1.232329490141380931e-03
5.481120602148665394e-02
1.550711077083156021e-03
6.226170529096790307e-04
2.008633123605718385e-01
5.393817483021406956e-02
1.086103837015512177e-03
3.624031145960059791e-03
1.315598786488105833e-03
7.376785765411224272e-04
1.212703274303349871e-03
9.250345662861761298e+00
1.233757324629045221e-01
2.939230710427031038e-04
9.773121877308865280e+00
8.341915798849301567e+00
2.122722811517081462e-03
2.744365615530278135e-01
3.520996428008167298e-04
6.588610812338502321e-02
1.702477420623380727e-03
1.207477948134240142e+00
7.201144868729272841e-02
1.282665736576346971e+00
3.344636768716793274e-01
1.560026382328512547e-03
4.149524043928010802e-02
6.938987510143532211e-04
1.087172173546532145e-03
4.107398070717581916e-04
3.264374031886280517e-04
5.975561488497233009e-04
1.052553108174926824e-03
2.067964094035271150e-02
2.243626598277580556e-03
8.115346437182595352e-02
1.012186116330713063e-03
3.041306737459481199e-03
1.101328126101978194e-03
1.088416235757068418e-03
3.296775976723346213e-01
1.279189308141187066e-03
2.289363299970361906e-03
4.142540470875725328e-02
2.210592930925436503e-03
1.059920025095552592e-03
5.452999469303119323e-02
6.682172117286555579e-02
5.603844412686380672e-01
3.327382153738578374e-02
1.249547705431327760e+00
8.933237006208921520e-04
1.213547967826095642e+00
8.892841594532047145e-04
1.491282086971221915e-03
1.934778823027522854e-01
8.402531778392492434e-01
1.111215358611520286e-03
2.754919866689098731e-04
1.865762940448814286e-03
4.071318910099836624e-03
1.021586838754746651e+01
1.414905853738943411e-03
1.118401242111271773e-03
1.014530710572380916e-03
2.998790652625211994e-03
1.948384908042481971e-03
2.443960358589941428e+00
1.411543422640154199e+00
1.704576924236619710e-04
2.624304120360172465e+00
4.413947179261959453e-02
2.440185694005409661e-04
4.378802843312086177e-04
1.688928926709538231e-03
1.818150411776281450e-01
9.830923412522693638e+00
7.669076226916389689e-04
9.726367149766523487e-04
1.170347081193468863e+00
2.586035941557865078e-03
3.563496558967988413e-04
8.314385144532886185e-02
1.570869654063915136e-04
9.467022877355475707e-02
9.447726474477232017e+00
2.525975689286549461e-03
9.863984467354904029e-03
1.384846245485755328e-03
7.346066863384696256e-04
4.144226094569391367e-05
7.463434351426415092e-02
5.317356768071008349e-03
6.984629027484315356e-02
2.503262074089575642e-04
3.247277542356152846e-04
5.549749874069424133e-04
2.109771430591112981e-03
2.422032051690106366e-03
3.615657217142952407e-01
1.333816901392869403e-01
4.917081697720392108e-03
1.005034902484743853e+01
8.120287922945904069e-04
3.923468314407038693e-02
1.497030137778491629e-03
1.589447410536572527e-03
1.386130929144380533e-03
1.750868632634785746e-04
1.501826013627244674e-03
1.465827397892142253e-03
6.896298919397813448e-04
9.823423264209880656e+00
8.491344625803330659e-04
1.174261169125035142e-01
8.717613547973958668e-04
1.299511902174766975e+00
1.854446275590306698e-03
1.544508253757098659e-03
1.630351241014556772e-03
2.765285935747734125e-02
1.802566698361086212e-03
1.294841228003865488e-03
1.046481904182676281e+00
1.725846610042059692e-01
1.182837846494375178e+00
3.517484756348250585e-02
6.754403247927016560e-04
1.176724043275234610e+00
8.333523659375752235e-01
1.684731008840117950e-03
2.541014146138111107e-02
2.438311608289578727e-03
1.415773728796629438e+00
6.468937351467888772e-04
4.086425299033871750e-02
2.000679763098343195e-03
1.190338630074013748e+00
1.890225971829299044e-03
8.959041770515269176e-01
1.099311068767205635e+00
3.971237275815830969e-03
5.056665273855242421e-04
5.990621268925149234e-01
9.198889102047940192e-01
4.989984615759044534e-02
1.066894131735293336e-03
3.725063423549168640e-04
5.604619552394204951e-04
6.337325253783299486e-04
1.281868838445776593e-03
1.642867225354449623e-03
1.012006371297573606e-03
1.043336767545531216e-03
5.806532963261610766e-04
3.115439208402976095e-03
5.885253926589742446e-04
1.176631866000965032e-01
6.304264355030072542e-01
1.583923642180237474e-03
6.432812371688482501e-04
4.615574095170327240e-04
4.858960710679587937e-04
1.154949435452177348e-01
1.430491978897306411e-03
1.447049490408360006e-01
2.044336366872818722e-01
6.758657864735445955e-04
5.175336294685158045e-02
3.703227268699804675e-02
8.973529325571379806e-04
2.097647477525069193e-03
2.503797134900573665e-03
2.532711595876636218e-05
7.363490547754531282e-04
3.633745648857447108e+00
3.678130997417562720e-02
7.409012970680226018e-02
3.642083205815361602e+00
8.977691116227794199e-02
9.052320321355779298e-02
1.275949496657980547e-03
4.058004936457072498e-01
1.097992268070704380e+00
1.416385351438993398e-03
1.696661695223320235e-03
6.178931765095070985e-04
3.119254473183213916e-01
4.974022718951922120e-04
1.708265329112099717e-01
2.009850439965740421e+00
4.246861515933473240e-04
2.822078729445256506e-01
1.441999516719028041e-03
3.737703581536312714e-02
1.555305491535197843e-03
3.437942014607185959e-01
8.224099357248809000e-04
6.891427460598520405e-01
3.403129637260532969e-01
1.977278095846828586e-03
1.314530889853006146e-01
3.130294567153195096e-01
1.341185739225959628e-01
1.165929124102721148e-01
4.313810174344807208e-04
1.358910053700579379e+00
1.949784734430887179e-03
2.944480807611514310e-03
2.332939439569593418e-04
1.289757655662406954e-04
7.241756404577194897e-04
9.931945864342459629e-01
9.448165925144986349e-04
1.281234838422094791e-03
1.357405330719458014e+00
2.526741595931950371e-04
1.673624520637857771e-03
1.345177169748039761e-04
1.909694679225251972e-04
2.694533041781949426e-02
8.398687290886361900e-01
3.644581808976306292e-02
1.353741849960960440e-03
9.891832194781582377e-01
1.302989483727182499e-03
9.991209664867092499e+00
4.003963235022688361e-01
1.895376181586302250e-04
2.049605309144457779e-03
1.074726567733200536e-03
6.147011743752330698e-02
1.490503229310762290e+00
9.702091825795391977e-02
2.071460307943773574e-03
4.640967081104266367e-02
3.820157896564536637e-01
2.592450944505431815e-03
1.440457717376465219e+00
3.982019666919200257e-04
6.842412370637283858e-04
4.642376245496734194e-04
2.747319569871069511e+00
3.027127286388165903e-03
5.070911010297701055e-03
1.973104384908327263e-03
2.666457690543293235e-03
4.181628440361935886e-03
2.769640442442595357e-02
3.446313163369414678e-03
1.258366805600212857e+00
1.260598546809360343e+00
2.950295061905010979e-03
8.539824632096046031e+00
7.833716356746192166e-04
5.793376056245826827e-02
1.259603339465878324e+00
1.265815569847249078e+00
9.786216586019943264e+00
7.403112490283944580e-02
1.786641129955648943e-03
4.242944204701265543e-01
1.013802770908427868e-03
7.945344594795098470e-01
7.695910101840411355e-02
5.476820102655304695e-04
7.060142930542120943e-02
1.686993170609967256e-04
4.949707412484282646e-04
1.689644376177257441e-03
4.279539166219457902e-02
1.227078579234197164e+00
9.081147063730856880e-04
5.668565827547517033e-04
8.316019708963871132e-04
2.126208482406524602e+00
1.102707778145476158e+00
6.750459406093903825e-01
1.042114695285934201e-01
1.042589630676208218e-01
4.819393617750205097e-03
1.835921008926901660e-03
2.125655442484645011e-04
6.832019609621958756e-01
1.020663055633633329e-03
1.152217996978811332e+00
5.359790721389573638e-04
2.559799331101841879e-03
8.019239565522709445e-04
1.106462365061067654e+00
5.893367180553509277e-01
3.327166809309776638e-04
2.362310917146656641e-03
1.111552721373039621e+00
5.154760627395452849e-05
4.752629742937307389e-02
5.540062858226629805e-02
1.583116473526405884e-03
6.097782435438444892e+00
3.194377487465962975e-03
5.012279326719777661e-04
1.713339835468291258e-04
2.455465890296514020e-03
6.704435734890114296e-02
2.898916031101769070e-02
2.942426313212939681e-04
4.818984789348103488e-04
4.308037606426405597e-02
7.581222071904252235e-01
6.944561499795188012e-04
5.401141515310710697e-04
2.987847669754942551e-04
1.218740614498744698e-03
2.744318886746342084e-04
8.267102955075662507e-01
2.705850131765266675e-02
9.572821621816043347e+00
9.943307980969143145e+00
1.315904396406904819e+00
2.420925216762037091e-01
5.923045188130013350e-05
1.021306425815536656e+01
2.619519201988418887e-04
4.637343298355724175e-04
3.855585233028924197e-01
1.920230442675808537e-04
5.877792825875159943e-01
1.187177708495324238e-03
1.297736243015649993e-03
2.977066454959076056e-04
9.471734237103488635e-04
1.887965469591357803e-01
3.075746057508085829e-04
1.949182513494082336e+00
1.474968827168788438e-03
5.151643579394838551e-04
1.541707728415517807e-03
2.526654829811400660e+00
4.670009346151000190e-02
6.548942601095055979e-04
1.063079355753455968e-03
1.547193827132900892e-04
1.409244450486944657e-03
2.844562791836142246e+00
9.382906458086752721e+00
1.944122496263797368e-03
1.366099882259144607e-03
8.688611642894616613e-04
8.761425695423528427e-04
5.116840752957094174e-02
5.057718759123924768e-02
8.333994764663102753e-04
1.021541772642597268e+00
2.784457592713890026e-02
9.929489482922003452e-02
1.810021206503494851e-01
7.576802564212706606e-04
6.335041722244222351e-04
8.882926421276986062e+00
3.332178468880748340e-03
7.551615208113713132e-04
1.174811148650320325e+00
2.732611320605829452e-03
3.148117399816440995e-03
1.488239766605425896e+00
1.443632341579398626e-01
4.529596301034062578e-04
7.408654046805743243e-02
5.217049471814366951e-04
1.421865702524211135e-04
4.979300613918550850e-04
1.398035802445801376e-03
2.388515807442265736e-04
1.118857420894338491e-03
7.166976043382897732e-01
1.122501614550648785e+00
5.094951137036971521e-03
1.053379470290938436e+01
1.414506534144317589e-03
6.831428215448593494e-04
1.720127467806486371e-03
1.480061926907044138e-03
7.053631314524128407e-04
4.616020125885132719e-02
1.152065103850489436e+00
1.957951205578864207e-01
3.958675384649300300e-04
4.311424541331822582e-03
1.017507742799048792e-03
1.194004379886723699e+00
6.768170330492973008e-02
3.416653780405178378e-04
1.230837612821561976e-04
4.127412611685532529e-03
1.035098863602752911e-01
7.501447187703291775e-04
1.211936047435125535e-03
8.315409903383359780e-02
6.529137446128793591e-04
6.541546186231617013e-04
9.841012384302502691e-02
1.315420090921558982e+00
3.213867416411594902e-03
5.238085409045461528e-04
1.300671020319503768e+00
9.214508438830006781e-04
1.543635575682894383e-03
2.674739487510152669e-03
2.478044630789393368e-03
1.401375587881799889e-01
3.243933590989216825e-04
5.333934958341346455e-02
1.785777293032869348e-03
9.906222210392094496e+00
1.397179123451722065e-03
3.361549185895319064e-02
1.065808966291903692e+00
3.832068482921703323e-01
1.467639948285841323e+00
1.127042971870726232e-03
1.975978529102296460e-03
3.121366299118437035e-03
1.787210615440817680e-03
3.196476997214616617e-02
1.580805470303583635e-03
1.281432227644209790e-03
1.947681525654904738e-03
6.856826285953684236e-04
4.280937716853701336e-02
1.884768025792069812e+00
1.473177463824399888e-03
1.716213988188105416e-03
2.568266010572026886e-02
2.014770648739599296e-03
7.532891490227167780e-04
3.962579888247457285e-04
1.211176656052611600e-01
3.464210926243165012e-02
1.075017457657157123e-03
1.085973156522174465e-01
1.824986940500638970e-03
2.116000168931816278e-03
4.153128004086054266e-03
1.644077967011423926e-03
3.573695405098974327e-04
9.057298670168406618e-02
6.054350693415746706e-04
6.469433193477935190e-04
1.141102525304435733e-01
8.992687470880081912e-01
9.586713657799318666e-04
1.063644420418957768e-03
7.024368154404017628e-02
1.636310390478426698e-03
1.433504193758296852e+00
1.163646592077850241e-03
8.735008881986221496e+00
3.794306649452535568e-02
6.088219650122912718e-04
1.497330244705875613e+00
9.190990408941552836e-01
1.048327323521285948e+01
1.756849449844323008e+00
5.186742661550365965e-04
4.761209791783539702e-02
1.473410664099252670e-03
1.173646478050979422e-03
8.555722837939866432e-01
5.878281382935422912e-04
1.216342680727036107e+00
2.771433978204928539e-01
2.266964459373537258e-03
2.298478147118011850e-03
1.789527171335347500e-01
8.316006903107823200e-01
2.115380222358909101e-03
5.850360349056137055e-02
9.433872208416046456e-01
5.227840840957235363e-04
1.730881544033838464e-03
1.092944955146618255e-03
4.039214425023085475e-03
1.687754125591395260e+00
1.311825408579592872e-03
3.556447579008666440e-04
1.517246726040605981e-03
5.239734795334977102e-01
6.019548094774252248e-04
1.148246077438390238e-03
1.665432874241101931e-03
1.328780093056340303e-03
4.340713362351743265e-02
3.726649207621389112e-03
3.459307682577967835e-01
1.129191237064184564e-03
4.805393203980463934e-02
7.507953707206116087e-04
1.083921563223574393e-03
9.776007095059634722e+00
3.133884357239803686e-03
1.258170780788724769e-03
8.849427364000628238e-02
5.960805018428126656e-04
7.727398406428266364e-01
1.347204782415319713e+00
1.694116054392695858e+00
4.008663382101115488e-04
2.354336848199189536e+00
1.317279682305171756e-03
3.776094278656745296e-01
5.972878898585064905e-04
1.199992517140109793e+00
1.452662770148985564e-03
5.947369198441910566e-04
8.738637303141547075e-02
4.113968630305468374e-05
2.940748428085735453e-04
1.000236588236929158e+01
5.102838106731772891e-05
5.011938115694179741e-02
4.361086512063268653e-04
5.637439977235376987e-04
5.379206005815756822e-03
4.476338109236371182e-02
1.220488227796107539e-03
2.416224110462706492e-03
6.680618470171059350e-04
2.870949611898936799e-02
2.516929088001787496e-03
1.462391823528321443e-03
9.195669349352487032e+00
2.506719420059144721e-03
9.524507211576636934e+00
5.143049975207084372e-04
1.091418617710891326e+00
7.151474798920169282e-04
1.125286564738757100e+00
1.432282508130260090e-03
1.262033017468007154e-03
4.925057693672130199e-05
1.023414595788730175e+01
1.402138108637264180e-01
3.538577219165668468e-04
3.373440490116127490e-04
6.082008952790906448e-02
2.324264190826031556e-03
4.457557725138092813e-03
5.901395844446856442e-02
3.120966461912051404e-01
3.835714049449968910e-04
6.398070644347351576e-04
2.901290203271381096e-02
2.603817358486647943e-03
2.862536379993937952e-03
9.502592353948218634e-05
6.058999226092390278e-04
1.078838267377903115e+00
5.169722990664519027e-03
1.224091816576340468e-03
2.487634690307282542e-04
1.044071062269062017e-03
4.548345232839230007e-02
7.722226110553464390e-04
2.644025314621075221e-03
1.455788643616319489e-03
1.535775917276877359e-03
7.189083672353652546e-04
4.676181201616915611e-03
3.998655607162161785e-02
3.952985542007630623e-05
1.632520566831647368e+00
3.221232893086570931e-02
1.683908946470817104e-03
2.541146413440119149e-05
4.971014105617796441e-02
2.636903624753833206e-03
1.785092353131082377e-03
1.030316898716232332e+00
3.478036271829879067e-02
7.501854702672414166e-02
1.841263174000382780e-04
1.114112585847207119e-03
5.099942574542153106e-03
5.286020472174867346e-04
1.033526085902309255e+01
1.081777553693163280e-03
2.908937727960164699e-02
6.059438205346129314e-01
3.878535185145668557e-04
2.137975872112735185e-03
9.864323445247674016e+00
1.689625913345681359e-03
3.322105202766033674e-03
7.407425555270115078e-04
4.259716119087455510e-01
4.224045231790098387e-01
9.873878161022545119e-02
1.108672051203090161e-03
1.017381887656539519e+01
1.542248859517398318e-01
1.843635170227319155e-04
7.063778027872831267e-01
2.306674354423306206e-02
2.408652154160953809e-04
2.022213169304332408e-03
1.074244623525373935e-04
9.943268029156658860e-01
1.820037920903513212e-03
2.473102574300830442e-03
5.175579725799568653e-02
1.835455473949032523e-03
1.881891931256811151e-03
4.564171892073753956e-02
9.096116244957166419e-01
2.221911473205639195e-03
2.848122531993371037e-04
3.615667984738424323e-02
8.615174419973926911e-04
4.844585772757439845e-03
3.136602159334955005e-03
2.859069829996509909e-02
9.948275811724107548e-04
9.225297581737523345e+00
2.170679629709119651e-01
5.413774978851213730e-04
2.727772991830419436e-01
6.735710546363999837e-04
7.299384563465056985e-02
1.329423945155180399e-03
1.857810600347864841e-03
8.289468745214663425e-02
2.013609444650862543e-04
4.448036736129031693e-03
9.893068461528566754e-04
2.811760157386409831e-01
2.099997820163977680e-03
1.316885354931375485e+00
3.687158641667115377e-02
8.950631907102702539e-04
6.854560144990504839e-04
9.327337735710675148e-02
1.052872508836290688e+00
1.069695984656155070e-03
2.062034976407497305e-03
8.974379685459230593e-01
2.551782050142867853e-01
4.159217055823747310e-04
4.737230809919314167e-02
4.299259010073139264e-02
4.412725944722907800e-01
2.231368542445415909e-03
6.611972395921945911e-02
2.038553605123546220e+00
4.866261160825901405e-04
9.158462153269258943e-02
2.090994797415665282e-03
2.200398953797559273e-03
3.564804651125589620e-03
4.131521287216473326e-02
2.368361959844800246e-03
6.545053836387279556e-02
2.929831956178532114e-05
1.515278213987792874e-03
5.947994680082294150e-04
1.016818814951843564e+01
9.851733869426430701e+00
1.737055315571303833e-03
7.758148082129406875e-04
4.176574686849598983e-02
1.648405703631476357e-04
2.870405590882616625e-03
3.260602251198859158e-01
1.756470735984296261e-01
4.748639989232000813e-04
2.587580204811819329e-03
8.429588889092495818e-04
2.145104201795235144e-01
1.446219648022648574e+00
9.044226368231820246e+00
6.626618328827751621e-04
3.316290086516991004e-03
4.406578421393239284e-03
1.239237689709755258e-03
1.103613435501993659e-03
2.319870537216021586e-04
3.926002026760175984e-02
5.541160082486173977e-04
1.433570155428898762e-01
4.634579799551686793e-04
3.240501835100207534e-04
3.417307578273139079e-03
1.054256035735454469e-03
1.412383706322198340e-01
4.764276688659628556e-02
5.146466636419558260e-02
1.248595255746164590e+00
1.085607547493214328e-03
4.222714549034717671e-04
2.052567102257506215e-03
3.686909962088372877e-02
1.124864914846935293e-01
5.318646587882912280e-04
2.721990913451918792e-03
3.016804753059949551e-01
1.079609836459516706e-03
9.744206395995747005e-01
5.241433020068773235e-04
2.778159847056596576e-02
9.046387213234233116e+00
3.265141301271638485e-01
9.091425017824613874e+00
1.041420888421030061e-01
1.437384274952783203e+00
1.061726602474473039e-04
1.328531851352017512e-03
1.082740963249032351e+00
3.674567446535206491e-04
3.386642183228889781e-04
3.703685445102735882e-03
8.650760543015703977e-04
1.325028277310669016e-04
5.083850713272065436e-05
2.700804459293430770e-03
3.270686632015381429e-02
1.345085821058501219e-01
1.124208221801150168e-03
6.511021796565112929e-01
1.543851639068366088e+00
1.418593438957763478e-03
8.074412819659233798e-02
4.249542345839585518e-03
4.962845753325442408e-04
3.907908040953728124e-01
5.013583993645227138e-04
7.487438101654395745e-04
1.596479072085831702e-03
8.379282662201743143e-04
2.066636457630952398e-03
6.054572992564744016e-02
1.259795251730087481e-03
3.709426351583516190e+00
6.068452961889678372e-04
1.081644019412728898e-03
3.560986837399801597e-02
1.203710000590772419e-03
1.303933289183826366e-03
1.198557816738138326e-03
1.513700650706186313e+00
2.809890887276397103e-03
4.177967066983357541e-03
1.254565366935364926e-03
1.147576808413494742e+00
1.037307444424717140e+01
4.171674456253969543e-02
8.370493494783312061e-01
1.213747353802564710e+00
1.284863265174741344e-03
3.796992578283518195e-04
4.911352960227712006e-02
6.515473175267003959e-04
5.615922524545224962e-05
6.256458750588105456e-05
7.144964044790706910e-04
1.821808464488591101e-03
3.346709702884440724e-02
1.215962911407507960e-03
1.234650090402808209e-01
1.412789515864746118e-03
8.359546280858713707e-04
1.581346927037951433e+00
8.769142753055406136e-02
1.091539924210425383e+01
3.303047955111049899e-02
5.512429541220222051e-02
5.004315553286851209e-02
3.239467812130063934e-03
3.530245166114366617e-02
5.566415398963088165e-03
1.380729355499718883e-03
4.174952090763696042e-03
6.478085833771804816e-04
3.786768881113906221e-02
3.903068338751602279e-02
4.000495853810620561e-02
6.960650803321663527e-02
3.894059769958287814e-02
3.051169807053307273e-02
3.253842668599340668e-04
1.976084571503559581e-02
2.251434268299460847e-04
9.845807664091241890e-04
3.147592917499106042e-03
3.689518929720714616e-04
1.073741639282007991e-03
2.653234732451759115e-01
1.963934248567274915e-03
3.661856370558735918e-02
5.841377410291683468e-04
5.534645250448904097e-01
9.955547858605789252e-04
4.456189278833678526e-04
3.389313971529318067e-03
2.377579343999357830e-01
8.423575616394937682e-04
8.866500942789806716e-02
5.165435108526501709e-04
8.076224670453008292e-02
1.936391112951482807e+00
1.602302867836707771e-03
1.783456310966278656e-03
5.735541335389730995e-03
2.134993439891763600e-04
9.706906359560514563e-04
1.015522855055561724e-01
9.448807942667230772e-04
1.414421843474984675e+00
2.711711420518413476e-02
1.482457147051537139e-03
1.044794438832309397e-04
6.567148407619277650e-02
3.893056997542630043e-02
3.280194176164583086e-03
6.360307340700195322e-01
2.490945278493285342e-03
1.173107200066077910e-03
1.058394173758719914e-03
1.878918466628208550e-03
1.423346059068066223e-03
7.392679201692581303e-02
4.538158594161537801e-02
1.557897535226457464e+00
4.176386168752671546e-02
5.372812507037543275e-04
1.189001144949288326e-03
1.609568879110739870e-01
1.004590561443639984e+01
1.945124266957212744e-03
9.090410143510007757e+00
1.048531313541307419e+01
7.567913087556689400e-02
2.820816776546417742e-03
9.320931482343027596e+00
1.368687462845550457e-03
2.033197462429690069e-03
1.872312639477267254e-03
1.654707078491047048e-03
7.493950563825622080e-01
2.132930183547800552e-03
1.217370414475824059e-03
3.263525828847640975e-01
5.617670369804306230e-01
2.319478457074781487e-04
2.073796232233552583e+00
1.258147743991167911e+00
1.029408417475017146e+01
8.339379428382562298e-02
1.008010566627783912e-03
1.957884249060428978e-03
6.134342896863802935e-04
4.021952105104183162e-02
2.830391284128234639e-04
6.565934655471143688e-02
3.329793389107387203e-01
1.306609586019398615e-03
1.096780272411347927e-04
1.146768338976037249e+00
3.573877127832462974e-05
1.592500686578827707e-01
1.067728776292162785e+00
1.246745913008702633e+00
6.606910566683149577e-02
1.006587135809525278e-03
5.686954693084450563e-01
5.902531607191478444e-04
1.166039729846042317e+00
5.190706524013271456e-02
1.768400090534031494e-04
2.259483045217054453e+00
1.413381602983363183e-01
1.028691997079375642e-03
5.154947051099596778e-02
2.258642914963395310e+00
1.097197591094714486e+00
8.016358085183294957e-01
9.284604340511646778e-05
3.862538420745792456e-02
6.210164573186782722e-02
5.435375212292942876e-04
3.978947140025066234e-04
3.312525077928922812e-01
3.152491373496291507e-04
1.245101399334576364e-01
3.412970349446534622e-03
1.038439093978281491e+00
1.412062852942980087e-03
9.814188581397612410e+00
1.182125783782209227e+00
1.215146528260044656e+00
1.285381039119073802e-03
6.162668746071448163e-04
6.410830206028377692e-04
6.381868282715727481e-02
1.951960485404251669e-02
2.183938725240419654e-03
4.473135635705326532e-04
2.501086501881581020e-03
2.456531555465998329e-01
9.428043194180148190e-04
3.897348755882122651e-04
8.746560239404877445e-04
1.015258886565399005e-03
6.907833846990316801e-04
2.495083861540495565e-03
1.982861567559828821e-03
8.423280651408959763e-04
1.114245883424983319e+00
1.121402421012985262e-01
4.088995996658325097e-04
1.259249150930766836e+00
1.411088997411041046e-01
6.119236600914053359e-02
1.381702081278319394e+00
1.143080556525672753e+00
1.104239646290821142e+01
3.646675099780627427e-01
6.394721435998249048e-02
1.432338554697215258e-03
3.718057668302552493e-03
9.504392705052483806e-04
4.718684206365164613e-02
6.112272035934639136e-04
1.563466648070739984e+00
1.090356597612200619e-03
1.800383669235488225e-03
5.684843728828575804e-04
9.235768050043320632e-02
1.597930036005652896e-03
1.464967246870054959e-03
7.299436197652068303e-01
1.387791309418602917e-03
4.672893947610372994e-04
3.152296351315291706e-03
1.271568200046762839e-03
2.451881751717899238e-03
3.939955765356366324e-02
1.457931216559389329e-03
2.793720511934378974e-04
7.062827423528790227e-01
2.946579112825160190e-02
1.040734831607489141e+00
9.515208741249557178e+00
2.009277751980804300e-03
2.941126331143578687e-02
2.759914421079391111e+00
1.567068885783978738e-03
1.822114585901983386e+00
6.281821126583736481e-05
2.438723916444902884e-04
6.861995360566328604e-04
4.026335252126036351e-02
3.304552159583264148e-02
1.130654733466333273e+00
9.645746850493616903e-04
4.129110250870219545e+00
1.614113192649645721e-03
1.092009530038093833e-03
1.182585201589126112e-01
7.971025177162371217e-04
9.129185067162677580e-02
1.740676266487531723e-03
2.769833774708711435e-04
1.867679785463089229e-03
3.524405184348929770e-04
3.821514151405245576e-04
7.501423693993833908e-01
1.073869968667694685e+00
4.779392269032480683e-04
8.114539977423472494e-04
2.696597769931809510e-04
3.159694071325196835e-04
4.037085907214003899e-02
1.262645846211407109e-03
1.191196821221367219e-03
9.879642973492450825e-04
6.614734693378221397e-01
1.196499773019569446e+00
6.771221642848622435e-04
1.250148387095513014e+00
1.275254047066710639e+00
2.127812459736266176e-03
1.906200992632323121e-01
4.190884265652226881e-02
3.236023768013986807e-03
1.286639176849955657e+00
1.402345856672278790e-01
1.167651036143943166e+00
1.081953300671454395e-03
4.593096166704363492e-02
3.625653919048986602e-03
3.371738161696478248e-02
4.541116804549469310e-02
4.516049888241124161e-04
5.783749620634597022e-04
9.639122409267395497e-01
1.016859294688984977e-01
2.149861204094102585e-01
3.451540154068132721e-04
6.003449550290671649e-04
2.861498045991413882e-03
2.039571074583111827e-03
2.136769541103637326e-03
2.231096459545056643e-03
1.159684004722286277e+00
7.942171277343770819e-02
6.401171767250328493e-02
7.800993417792341511e-02
7.898434950428339079e-04
3.706215468681638863e-04
8.513979431826442790e-01
4.901415396103541572e-02
4.884939205265858564e-01
2.499162883390228240e-03
1.364667885601073341e-03
1.159025056282295824e-03
3.162931314092117668e-03
1.225617115007453101e-01
2.083937928334064493e-01
1.436986061270802140e-03
6.613767885885097914e-04
9.926789508891841092e-04
4.347227982442374364e-05
1.241159685391660217e+00
2.729510783861032602e-03
1.259240138392815449e-03
9.047553914524677054e+00
1.094451690725745152e+01
1.308269385031046034e-03
1.252827292309014240e+00
1.165333026254781634e+00
1.499160630430146704e-03
5.024659539200723897e-03
8.164551409847327877e-04
3.718477982402398130e+00
1.049823175870163938e+00
1.019224489540287593e+01
8.267297782324710929e-04
1.325441945611756552e-03
9.399311443120975440e+00
1.147016494282488003e-01
2.910301128832082709e-04
5.427399741890111262e-04
1.018827880697025456e+01
3.351671071905006072e-02
6.419195410611450159e-04
1.798319198231869767e-03
3.588261139792978116e-04
2.231734520610840003e-04
5.749419536838339811e-04
2.447153434623947597e-04
9.738522716215732011e-04
1.151859346956800832e-04
1.246117461997467007e-01
1.308845684117586686e-03
3.122209267231246255e+00
7.813373488749688484e-04
7.000469980650981805e-01
1.114659213543497604e-03
5.423564111645569341e-02
3.451700041857765772e-02
6.722768131791874782e-04
3.703765549237097998e-03
2.656784383634600358e-03
3.139159856101502930e-03
1.913839549847425915e-04
1.213413110445794585e+00
1.790473624434329655e-03
3.695599128163245400e-02
7.325896660069150523e-04
1.024296065999318051e-03
2.834415024743621499e-03
4.382340884293116356e-04
1.143958985353557903e-03
2.944623803469268927e-03
4.079697227773257384e-02
1.855406668846232288e-03
2.295621382827103929e+00
1.549744041965634561e-03
1.802372568544572534e-03
1.006980813911807182e+01
3.173153022083749497e-04
9.286240150922887793e+00
2.412111654253937254e-03
1.874556473656349698e-03
4.684526377523954427e-04
1.327310699972578979e-03
9.065765344193343900e-04
9.911307266483579959e-01
9.965419613208357230e-01
7.027109074084132191e-04
7.814360168581262478e-01
3.159874505156133086e-05
1.116507299509714429e-04
1.191300812520341701e+00
9.642998504280720695e+00
1.103669754293183786e-01
6.344245992304479997e-04
1.749845272689776882e-03
3.584992602311386917e-04
1.151259217788072942e+00
2.942403529031312887e-02
9.926000098675441308e+00
1.045400182273773071e+00
7.529336894085726650e-04
5.140057558352555990e-04
9.492532551991276178e-04
2.160398347300250630e-03
2.715143635254674975e-03
1.430394501004827568e+00
1.818074045855563523e-03
6.777442539252395703e-02
9.198281665136876839e+00
8.623608486164700132e-04
1.466083786987530668e-03
2.853864975375399165e-03
1.209484771700911399e+00
2.211788586697441619e-03
1.651052160627092036e+00
1.319869383290092797e-03
8.472046220606454625e+00
6.587270634264130037e-03
1.028694659083358338e-03
9.054543299131939671e-04
9.635467936702766557e-04
2.953934992876740967e-03
1.984112310169148727e-03
3.712606346171494487e-03
1.162155773734639685e-01
2.334642550737986433e+00
1.411916881592343437e-03
4.457814074821375705e-04
1.188113234900547877e+00
2.288310504009522482e-03
4.586562417874676459e-04
7.625314620979331548e-04
1.338863375503103192e-01
1.385164386439464990e-03
6.489342752426267499e-04
1.688632650954081243e-03
8.130299826744137093e+00
1.006437265106308665e+01
2.297666363619012254e-04
5.080528506041043224e-02
4.732654169761416063e-04
7.969697949098838996e-02
1.528638586956160950e+00
7.884329827076070642e-04
1.181877433966450897e-03
3.400801734949748800e-03
5.044025812493546992e-03
3.358699476845063148e-04
2.127089284310503502e-03
6.925527714451667864e-04
3.213040010138063472e-03
6.321694996559955315e-04
1.813281332515404021e-03
7.152279640777084273e-04
1.415797540805501398e-04
4.056703153889464064e-02
3.273475082800629821e-01
3.199530059332846704e-04
2.538976758147517068e-04
1.398249318580653891e-03
2.033920777548967745e-03
5.481248885554970696e-04
1.896824470162946849e-04
1.581823307347665977e-03
9.461501836396470466e+00
4.787668278522956566e-04
2.415179173062416765e-03
8.393365684222878209e-02
9.070218936373108942e-04
2.550547225439492305e-01
2.596938912376506401e-03
1.731425840881840048e-03
2.232247898186455470e-04
5.453746855971464136e-02
5.190478298512163011e-04
1.129959241913286005e+00
2.588109875102180719e-04
1.426053198520822220e-03
1.121379162465953056e-03
4.707682966493378918e-02
3.086908609350936215e-03
2.114247260541133461e-03
1.307534215652487140e-03
1.178572814810865621e+00
2.205317563743643822e-03
4.403527773479938567e-02
1.411610087199503816e-01
6.915729419588864321e-04
1.054955057470160051e+00
9.676617042498934396e+00
5.674072799543476014e-02
3.265243772388828382e-04
9.774962137608678603e+00
1.173027987955675977e-01
1.634987954376328378e+00
7.050953156342984127e-04
5.333102952685270237e-04
2.137341365975413687e+00
1.211011869007334527e-03
7.426817486247076078e-04
1.332860747266535056e-03
1.058712227834732289e+00
2.606195185923839211e-03
1.161103534811436522e-01
1.674295127684174121e-03
1.140250973951787913e-03
2.098241765189689634e+00
9.296565692167538586e+00
2.770588753226280870e-03
1.812992701645519495e-03
1.196162035524318476e-03
3.091368148765294074e-03
2.871161852085802636e-04
8.276198998856459585e-04
1.637593696301873902e-01
1.209761214557944387e+00
2.357733939772479331e-03
5.706846495595338867e-04
5.278666276961155313e-02
2.375569205876559842e-03
1.250375407427779528e-01
2.046165244664115423e-01
4.383517040724916464e-03
1.279860335667192262e+00
2.517288741198924623e-04
3.954298878553119331e-03
2.666115141684212153e-01
1.137480744356784285e-03
1.125951859920677617e-01
3.772369154832273808e-02
2.655152832031438814e-01
4.413750902476192006e-04
2.838457192696226122e-04
1.687462842307668742e-03
2.060511426492351531e-04
2.590253273035908813e-04
3.725848779025082713e+00
6.947792713282996413e-04
1.541286083639417659e-03
1.401881284154662399e+00
3.333607681659187666e-02
1.383074914537917380e-03
9.117860811187294967e-02
7.820156552397135308e-02
2.355835713520233049e-03
1.235983359035101523e-03
3.077821348854460279e-02
2.546961849619021334e-04
1.171591247042978561e-03
3.111071911461395050e-03
8.149383487070028034e-04
4.874447389896113814e-02
9.963992337371010977e-04
5.296653323942604637e-04
1.186236767940910316e-03
4.453499831096113457e-04
1.048841610095067445e+01
1.231074937352740761e+00
6.061423062523260130e-01
3.438562319034971226e-02
9.450488543954580108e-04
1.013678718283592822e-03
7.266980925244445610e-02
6.698329843021161387e-04
2.088745426827467826e-03
1.071531373246544915e-04
3.193468685761882697e-03
9.010500296358996131e-02
1.400638371434973495e+00
6.697020955694094752e-04
1.546538614173960033e-04
9.707284662840452327e+00
6.200302836602829097e-04
4.783345987775719770e-04
1.594531844026731912e-04
2.061566865752288355e-03
1.819047030406789611e-01
1.757264644671375997e+00
9.179446314294269493e-01
1.588183109195686520e-04
7.271251696662761610e-04
8.426213467925336431e+00
1.469758313774889302e-01
9.541600495667167375e-04
1.038414109969689747e+00
9.353327977768873813e-01
5.535932029977815721e-04
1.223473438084975218e+00
9.636371819732779898e+00
2.722375270916580978e-02
4.300771311712425077e-03
1.523137845098568199e+00
8.561581195232186720e-04
7.806783694540295748e-01
4.558344351538803907e-04
9.627113756096711272e-02
1.177804063952077179e-01
1.675775605562901047e-03
3.407346860721675690e-03
1.922808140865728613e-04
1.609309783082418094e-04
3.623707615183974825e-04
1.777954981773730014e-03
1.327708493324268657e+00
1.547734320819556864e+00
1.002710942087763901e-01
4.379808944451037134e-03
4.553860972268900659e-04
7.305304491689269472e-05
1.000819171091981907e+01
7.247351590237913199e-04
4.281561386992596002e-02
8.041828248105817312e-02
6.255405388309724646e-02
4.718108373876232428e-04
5.094998875203302635e-01
1.048648908154593742e-03
1.422900127376414414e-01
5.439937827375206092e-02
1.176229113893462630e+00
2.316264359914463888e+00
9.597155307525225831e-01
3.978694409120528755e-04
2.191147545939188448e-03
9.454275712092245598e+00
5.873132180776320221e-04
3.265577723351127393e-01
3.131436486369165023e-03
2.070476961367442165e-03
9.834757769553001579e-04
9.561506657296409140e-04
2.308971217600541692e-04
7.764354688230626356e-04
2.540132047353129210e-02
3.265762854189453723e-02
1.098375159152753435e-04
1.042970742597553624e+01
1.027891875014790186e-04
1.130988705600223521e-04
1.228678457255957465e-03
1.145952936763710683e+00
4.145847609895482455e-04
5.127457467433149674e-04
7.560816768699453183e-01
3.272800339350966786e-02
1.643743907521550557e-03
3.573552909579580383e-01
4.632435693860224987e-04
4.869665424949804963e-04
4.373900679362140165e-02
1.303380291321380030e-03
2.152287129834500046e-03
1.613068542728328045e-03
4.060103328138052123e-04
1.940161940190553158e-03
1.353355170605237065e-03
5.359706509015229811e-04
2.246368505874247763e-04
3.633857882151063888e-04
8.676412550901199339e+00
1.156844815131884557e-01
1.362953891207069557e+00
3.400197459235694553e-02
5.069190515156821175e-04
5.282529497551246081e-03
1.328023866215132832e-03
3.527912220340208987e-02
6.657676783387327102e-02
8.935350704107617448e-01
1.125510295035853314e+00
1.241982618633331176e-03
