2.219363301363667593e-02
6.308338878311260167e+00
7.075987314021003893e-01
2.011703234592076422e-02
2.392371094656336322e-02
1.692669539396303435e-02
3.869576548376373992e+00
1.975393694735147823e-02
1.653321900601772629e-02
5.720026346360647551e+00
2.123162950178256528e-02
2.371021896321076974e-02
2.191870216631405799e-02
8.977361108561446867e-01
2.074794295130623703e-02
2.378176669002724647e-02
2.105372628716736805e-02
7.956866039978025551e-01
5.641562873219914565e+00
1.123495042560311630e+00
2.219187354166155327e-02
8.790758589360254671e-01
2.243070001504318331e-02
2.313973559960410403e-02
7.187603774563831038e+00
2.377002386641770271e-02
1.627998285782800494e-02
2.116368167672721609e-02
2.260253274154683245e-02
1.269967981233853571e+00
9.001182083599056361e-01
2.306394027768918220e-02
7.650816030577750615e-01
2.251075654128554399e-02
8.085649701577217741e-01
3.007598355802036494e+00
9.832771865150572443e-01
2.194029373583133297e-02
7.231773840328500347e-01
9.501657936686935813e-01
1.951688245356772086e-02
8.789635181281971743e-01
2.476356163093784701e+00
1.648706079326617627e-02
9.860597777130502006e-01
9.013050844848378151e-01
1.806914173463392698e-02
2.578092586665441388e+00
1.956830743755073182e-02
2.632049845773973273e-02
9.610558281091170496e-01
1.777088444195422390e-02
2.262393192150444210e-02
1.932464287716513865e-02
8.496354826372152225e-01
1.320967704938085463e+00
1.922834625082420548e-02
6.190926429832087408e+00
2.522473303470522746e-02
1.670923411942858150e-02
2.158459156246551880e-02
8.581912753365212865e-01
7.272261724054840393e-01
6.267828151642702572e+00
1.339382330652350461e+00
2.328291284551363416e-02
2.036311683371463260e-02
6.357828111011090133e-01
3.159348108290364721e+00
1.868583112041044547e-02
2.230945178301473042e-02
1.524384862011389341e+00
2.471347384561252414e-02
8.498390709765479833e-01
2.389992467027279507e-02
2.006019445727015571e-02
1.858267943249258120e-02
1.594072886744630324e+00
1.581194337810949868e+00
5.761434512291835119e+00
2.314365674242896062e-02
1.344386165537267530e+00
2.715984481966247574e-02
2.192413270437697931e-02
1.763648062212665568e+00
1.639723849343624820e-02
2.445772941696187919e-02
1.854416652233121035e-02
8.656736515494816153e-01
2.353460673622206900e-02
1.783069988164037722e-02
1.988441511413150536e-02
2.815354821264535179e+00
2.018781373527881937e-02
2.028209149375370668e-02
7.441577574152167251e-01
2.851924796074875937e-02
2.148166567043550274e-02
8.270069168858320552e-01
1.014916035219935786e+00
2.123699502613939430e-02
1.040205912468463723e+00
2.153152944673470889e-02
2.034138134297805434e-02
8.390506826264837459e-01
1.012728999783282013e+00
7.279929763325738712e-01
2.242482630989910131e-02
7.567124681824096699e-01
2.021210159075582241e-02
2.099290209554115216e-02
1.977479635520048781e-02
4.878247159526273080e+00
2.013165070607704152e-02
2.202889274866440608e-02
7.160197967447483602e-01
2.585147406670769421e-02
4.171195480578594683e+00
9.738389876798466682e-01
1.705370435395643300e-02
1.789039283274015957e-02
7.965385733167780202e-01
1.813025199342509219e-02
1.044401977225273725e+00
2.447121861116003175e-02
2.328899497415910791e-02
2.030040731718918412e-02
1.994689022048201643e-02
7.050094009286662633e-01
2.798691341505479824e-02
8.049914397764796892e-01
9.338087753629635834e-01
1.047707546789839572e+00
7.481934274019069742e-01
2.304933781447018534e-02
2.423223875088457296e-02
2.338610341384657690e-02
2.901679258622940141e-02
9.592277905623529666e-01
7.124636189580004775e-01
1.260866337010051907e+00
1.869460287515659416e-02
2.516298313625554145e-02
9.447339968009977884e-01
8.465981971502376524e-01
1.942513299469994167e-02
1.817269814070017128e-02
1.141330580996682054e+00
1.027572786032538765e+00
5.188898892418020381e+00
1.889547943816693304e-02
2.909926926275974157e-02
7.760398520079574425e-01
2.141195316767463899e-02
8.197174923103249800e-01
2.038827234897343590e-02
2.214505712230113374e-02
8.588813170268214670e-01
2.245494854118753464e-02
2.457713902377962195e-02
2.129562751526344402e-02
9.247857396915164507e-01
2.809146709269907949e-02
2.039685506946220528e-02
2.135160017987212944e-02
1.094940775612064154e+00
9.124766885664490346e-01
2.119356714347227916e-02
2.005578411432022354e-02
1.952883770990476373e-02
2.455791620570929590e-02
1.892409471525646411e-02
2.309878107226075519e-02
2.263414518525701941e-02
8.065420868251682585e-01
2.952735376875807727e-02
1.817652124323960311e-02
2.142752467081886214e-02
2.559270031958011185e-02
9.986533889988713497e-01
1.181662546886991461e+00
2.407207223918427647e-02
7.063822015048513148e-01
1.943137592569096211e-02
1.835633303562560908e-02
1.884820540157881863e-02
2.123799365655606314e-02
2.510917042409648026e-02
1.637204982960836080e-02
9.124213653030122106e-01
9.857201451485020360e-01
8.455837357279637478e-01
2.454839344922206401e-02
1.691030532050850910e-02
2.210414330828138971e-02
2.294638532736446163e-02
8.144635384355337626e-01
2.366641290191523819e-02
1.765053197309525770e-02
2.977390084374201620e-02
1.591519154119765828e-02
7.586843983991095053e-01
2.114398750053502266e-02
2.104531939252250045e-02
1.808481289197672731e-02
2.110566349426473004e-02
8.655127666799508068e-01
1.715523725284740647e-02
1.986044484011497552e-02
7.720296415844607463e-01
8.268704742360096782e-01
2.445454537419287575e-02
1.900593071770653730e-02
2.540940616666901089e-02
8.225849184279518944e-01
2.076894396710008903e-02
2.097397331041844434e-02
1.955244100281733344e-02
8.347263629584563693e-01
2.260424889543775212e-02
2.107759657934055522e-02
5.733394831031445094e+00
8.060519675854040944e-01
2.344016771175487165e-02
2.804645629685929842e-02
1.681712709163502018e-02
1.807408493155211390e-02
2.036631778700089684e-02
8.273252739231187203e-01
5.599771870231673887e+00
1.762992755211873624e-02
1.072238170200250140e+00
1.069119315114491986e+00
2.409086059435146948e-02
4.823031779052008972e+00
2.153135380155822912e-02
7.934045158667395459e-01
2.131295803497643485e-02
8.752637569095766956e-01
7.481958368295050787e-01
9.496626808865911151e-01
7.730909966322907501e-01
2.370547053750416203e-02
8.267248470233270474e-01
2.196155399342063913e-02
2.789432677635045321e-02
2.292717795680018419e-02
2.223277007400287913e-02
1.863120598189646135e-02
2.012906749600826620e-02
8.111613132411530369e-01
2.118184099662173692e-02
1.314177312553554522e+00
1.883675248136694111e-02
1.973285112262380264e-02
2.038638321449210561e-02
1.881456235528565848e-02
8.524042036907081288e-01
2.049927736839575118e-02
2.322034493530308191e-02
8.686412405496077849e-01
2.103856330831541804e-02
1.896910853688838980e-02
7.690138008224945976e-01
9.219717006517932356e-01
7.622674241036331289e-01
1.096721340989447846e+00
5.466899366652063108e+00
2.899893407523853814e-02
3.751702638849791605e+00
2.056764834922807789e-02
2.121202337416654843e-02
6.805958851258865350e-01
7.916751290442776146e-01
1.832523880589592355e-02
2.430664310241779924e-02
2.629768335537333024e-02
1.804318766975152033e-02
1.206835789346600407e+00
2.520737725255359565e-02
2.026236130849536424e-02
1.961640375747504550e-02
2.115420207311586448e-02
2.737734440768346128e-02
1.844118628412460437e+00
9.938157306336227181e-01
1.900881656078624860e-02
1.499074402606501710e+00
8.136409929238856975e-01
2.309129446428991039e-02
2.204954840525014462e-02
2.080297971455829717e-02
4.660272968777039893e+00
1.185670054765386450e+00
1.903537791487121267e-02
2.370290008623139946e-02
2.950079263409015606e+00
1.951609803136329646e-02
1.893617741606326912e-02
6.534351876728010655e-01
2.330129739663832147e-02
7.171879903929458955e-01
1.281420243434360451e+00
2.104854345750498817e-02
1.974788581298003026e-02
2.060828305264243362e-02
2.049330921641781544e-02
2.137237611779309321e-02
8.795019519071980429e-01
2.970623807945842187e-02
9.958098730657619635e-01
2.269621969134946390e-02
2.230130780161537069e-02
2.215883894902931014e-02
1.997966389817500479e-02
1.869363369456102097e-02
6.765587469827841760e-01
5.643417931021853740e+00
2.224282550452649429e-02
1.166702871306910971e+00
2.024678576330804156e-02
8.539417377236766526e-01
2.587166502245471372e-02
2.315066183895572727e-02
2.364400427992180767e-02
2.294107510369407243e-02
2.059059407689785293e-02
1.973015328646929301e-02
2.115894344685897294e-02
1.268282825120279345e+00
2.021845486982300211e-02
6.971637823414881252e-01
1.727199095352224822e-02
9.977723798203907979e-01
2.137483877907838184e-02
1.863880212041805345e-02
1.956771476753445607e-02
7.786280806654479747e-01
1.860326466092190531e-02
2.144419333141124595e-02
8.351370823273023269e-01
5.488750562795285504e+00
2.391370553102959207e+00
8.748089573966297827e-01
1.705486222586389752e-02
8.749380098562449248e-01
8.669327722928381608e-01
2.086383903050079147e-02
7.155586654822944093e-01
2.034563734520263359e-02
1.649526902455935584e+00
1.938378008783523190e-02
8.619860604946387728e-01
2.146320935313849460e-02
4.078977002109311911e+00
1.929129595091057942e-02
7.515760144286045552e-01
3.841069210796008271e+00
2.692897200247148029e-02
2.101327757997137682e-02
7.536275433659521683e-01
7.955896386333768389e-01
9.480404583877000135e-01
2.310574968259142617e-02
2.327381695859243038e-02
2.255763032224730041e-02
2.206070773077661168e-02
2.192751575932533684e-02
2.670896977356549545e-02
2.028090757311711012e-02
1.642819964784374490e-02
2.063490357845054746e-02
2.296440386486774121e-02
1.963749568486256036e-02
1.027376334179784578e+00
7.944475190990158975e-01
2.210206817169702020e-02
1.951922459398179252e-02
2.532516765202386458e-02
1.742673462347514232e-02
6.511929055822266221e+00
1.854904303460827228e-02
5.891395717013383049e+00
5.261210195561014658e+00
2.283636126905902106e-02
1.061538745752130142e+00
8.464780419582064175e-01
2.296771872483620650e-02
3.076566759663625084e-02
1.879636539529751932e-02
2.351962958422226802e-02
2.055992524742435851e-02
1.563078495932999079e+00
1.029927746839402358e+00
8.088952510606586266e-01
1.306929135213206639e+00
8.933887770944464179e-01
1.338300711908286811e+00
2.322372701068850867e-02
7.195036960010863236e-01
4.068451107574839298e+00
1.910945273536555911e-02
2.352054794974776236e-02
1.833253118972053702e-02
1.730737260171937297e+00
2.004983415407355848e-02
5.760031214789654186e+00
1.420475444456656522e+00
1.834376481566792061e-02
1.297735420841883203e+00
1.809006415965778297e-02
1.387690560302851983e+00
2.081969886248109802e-02
8.128141452058758043e-01
1.900456768033202681e-02
8.555041574254844683e-01
8.082373492324920194e-01
2.198710855740623402e-02
1.103952830969774368e+00
5.114644483598365099e+00
5.836903381666381563e+00
8.741908732625541800e-01
2.505933100457989962e-02
9.608048162977682605e-01
1.677492945066055494e-02
1.958858066677426554e-02
1.435965208836122164e-02
2.189990900979579824e-02
2.294113118251656439e-02
7.766456246147651621e-01
2.079574851588931322e-02
2.076361908317270188e-02
5.584728052975576063e+00
1.957965691121561769e-02
2.164147126214944344e-02
2.589039364032106466e-02
2.267480323234313810e-02
1.286766197480076812e+00
7.777449788223362859e-01
6.385132095030279231e-01
2.423321543539405654e-02
8.874299687108097023e-01
2.269886813110800344e-02
1.216438038374812791e+00
7.560934855286141065e-01
1.905389121671198505e-02
2.685960135900312962e-02
1.972777964755932992e-02
9.043835552738596073e-01
8.771012132035236331e-01
7.239729644541795794e-01
2.643002489874689970e-02
8.047137360861791322e-01
4.259671686627762632e+00
2.315119826728180910e-02
8.999060894624593132e-01
2.551450188019952978e-02
2.244742618581384297e-02
2.123668196280383003e-02
1.330084540556347950e+00
1.726909823327320292e-02
1.776988675741673213e-02
2.560383471644608888e-02
2.019205885494496089e-02
1.996374754824398190e-02
9.138066514385051464e-01
1.943985750118800565e-02
2.805838796850586014e+00
2.534579953928703056e+00
2.084701864194435719e-02
7.465040807044014404e-01
1.741707847970876133e-02
7.012140462719649303e-01
4.777208383970851457e+00
3.683390616638775761e+00
1.014626920959481815e+00
7.270114227983044408e-01
2.139585715688918643e-02
1.539636852921028254e+00
1.856568522558580195e-02
8.010214510358439899e-01
8.092499530849553979e-01
2.224300141523846003e-02
7.578385669108352873e-01
2.373893898163954158e-02
1.893126014898706411e-02
2.547967924472491902e-02
1.181590219401325470e+00
2.106410528954970829e+00
1.902576165927215290e-02
2.113693373973768441e-02
2.607187119627726521e-02
1.169345410906645677e+00
1.708385697739250197e+00
8.528905282162937418e-01
5.659166756684397726e+00
6.868880021465175734e-01
1.907207778070209303e-02
2.228484018201118758e-02
1.663421699867696432e-02
7.888026745482651370e-01
2.235497986605033613e-02
9.203043425911604514e-01
2.346837306963721337e-02
2.079527273738328297e-02
1.774755120025318933e-02
1.031416226400754255e+00
9.435986478555520307e-01
1.932441096572904554e-02
1.845639718671295351e-02
8.659890022513765384e-01
2.171988652237711453e-02
7.892322310275623476e-01
6.877248380784140025e-01
1.881454047947123814e-02
7.564112997390470827e-01
2.262339079892944360e-02
1.953930779710945018e-02
2.190533685294858077e-02
1.964183910423962509e-02
9.694441055977580657e-01
8.630308015452901049e-01
2.400385613372626667e-02
1.617347170208637691e-02
8.312642508678882436e-01
7.873502735463446811e-01
2.258304628696267136e-02
2.276536355353983229e-02
1.404198345178370513e-02
1.898105582848247375e-02
2.067498083821851101e-02
8.420675130386496843e-01
7.949811201352904311e-01
1.085269022228932734e+00
1.455695878616870775e+00
6.319031481031073483e+00
1.229256849976529953e+00
2.507840181041822228e-02
9.716334051499038171e-01
1.877872263887086710e-02
1.952642101885537426e-02
7.744132434980748769e+00
2.232758486201128281e-02
8.852753616976192230e-01
2.206777062016986729e-02
1.713631235696944088e-02
1.976067812401268581e-02
2.256807103127723979e-02
7.097355288790752059e-01
2.409913318670390409e-02
9.894862255583556365e-01
2.335768052472817630e-02
2.076804338442877346e-02
1.494407018372330941e-02
1.199719500302073083e+00
7.930426827820782343e-01
2.409982274505531596e-02
2.530664294768441083e-02
2.402693521355647038e-02
1.996120229207306099e-02
1.517358898612481521e+00
1.327852269603531088e+00
2.335236439358229221e-02
2.245630168425636827e-02
2.476547353908333318e-02
2.168480879659763147e-02
8.401242589288376861e-01
9.359759337640549681e-01
2.349731604046157232e-02
7.670373066620408409e-01
8.541542112461647518e-01
1.006038804571554257e+00
4.909261326682779369e+00
2.366996921904452461e-02
1.853619431590083910e-02
1.144100828736927422e+00
2.518188507022201678e-02
2.238496391893050538e-02
3.959327466936524154e+00
1.980588073746838290e-02
2.425148396258137301e-02
9.127252373352874315e-01
7.387007579111553923e+00
2.109338545168660053e-02
5.707561719818485813e+00
2.060424085589954851e-02
1.869348220559027829e-02
1.723762914335849605e-02
2.454174192477215702e-02
1.863654360746101746e-02
1.806328567563352666e-02
8.675172846967441620e-01
4.447229680327313694e+00
2.079921213903950655e-02
1.303071391426726899e+00
2.392193305746352985e-02
1.654482238110335096e-02
1.835227263654815033e-02
1.739038207815578677e-02
2.068437989492432835e-02
6.666650426954012776e-01
4.059045401551330201e+00
8.778485741839243683e-01
1.877037041867386097e-02
1.775578360990857571e-02
2.324952507073790864e-02
2.883179746154663547e+00
9.759109949418256491e-01
1.801405779114911496e-02
1.876955342458034443e-02
1.832641331837033677e-02
7.345310047159339106e-01
1.737730499599240974e-02
1.739002892579024490e-02
1.211361409803485278e+00
1.949751445407598913e-02
1.932740780891344795e-02
1.189048065684755295e+00
8.408466964851553094e-01
2.094466080906172423e-02
1.885080756218377590e-02
8.406817322562800676e-01
1.664973273752956215e-02
2.408301442000722326e-02
2.860511634637741968e-02
2.188160287772123597e-02
7.660352942310897362e-01
1.868272350920677921e-02
9.139214277519310814e-01
2.189365528511184184e-02
9.726375259732304990e-01
2.724871146339644806e-02
8.898057067168657630e-01
8.013750132991652730e-01
4.836308109215016415e+00
8.748094210286108119e-01
2.531592321315086214e-02
2.171591930741365375e-02
1.685788830490363849e-02
1.480160367292932336e-02
8.060640386921833489e-01
2.352984725672474520e-02
2.388393140616994897e-02
1.739051541419122174e-02
2.005292009481051546e-02
6.814145774961501978e-01
1.057742267438926742e+00
1.895182295811151732e-02
2.673586658825819612e-02
8.911267349344010880e-01
1.590332364755340025e-02
2.008050330409486689e-02
2.202108353815810174e-02
9.605999650146126445e-01
9.703618117286396672e-01
1.583049499347873729e-02
4.970517437113906922e+00
2.028097028440216734e-02
1.946418115609066871e-02
2.227749056526842630e-02
1.926247867143210737e-02
1.976976101540031672e-02
1.030054112004116895e+00
2.851559457996792266e-02
2.293297981798281260e-02
8.064170726153113700e-01
3.514076009841540227e+00
2.066205347179109544e-02
1.564981314792434491e-02
1.101868309101283749e+00
2.098427619800642685e-02
8.907462250898031675e-01
2.158885929666988848e-02
6.930319636019861562e-01
1.248797067937302607e+00
2.161813920510896603e-02
9.782973946357622630e-01
7.864218497293922194e-01
9.479844451376027159e-01
9.380791678485511653e-01
2.173206012723307920e-02
8.939867021282219550e-01
1.965854967492136965e-02
2.030817670469962227e-02
6.945814124081797214e-01
1.822601074183836239e-02
9.165191362337699044e-01
5.183599429506953626e+00
1.931839761477299397e-02
1.940866983840207338e-02
9.170809712813944303e-01
7.698236846398462951e-01
2.277842186386106610e-02
1.014161712065695831e+00
4.191253935587135437e+00
1.708593182182715706e-02
1.989032093919456193e-02
1.884022446950295651e-02
2.356488100372606392e-02
9.035674898055794380e-01
1.136356113231718964e-02
2.013679185202211369e-02
1.865642774300343282e-02
7.976990780314185958e-01
2.372700189305181756e-02
1.790170688516772024e-02
1.529833502078346147e-02
2.192260166145659078e-02
8.117924737595401119e-01
1.675965713001415641e-02
7.533769700967942740e-01
1.676462425829809005e-02
9.095961939578597333e-01
1.976911483682433635e-02
2.296306078747158835e-02
1.118600585542554704e+00
2.104028500828316120e-02
1.806698155498150105e-02
1.688008850470856803e+00
2.006673601050784628e-02
4.156860040688421520e-01
8.111479809058526058e-01
1.336064079050867992e+00
2.222925622300125914e-02
1.308041756135962075e+00
2.168861468067736359e-02
5.795179753601290784e+00
2.346950516017945812e-02
9.095980512342830560e-01
1.767392098311683368e-02
1.557629966098011964e-02
8.873852113589550950e-01
1.559708446043972171e-02
1.902050187614562696e-02
1.180884130004131505e+00
1.657746340442909500e-02
8.104404365053951009e-01
2.255611728791897391e-02
1.782944815526851801e-02
2.067105724151395776e-02
6.972347683605037982e-01
2.156241185384779810e-02
1.882067000021297662e-02
2.016661710910733207e-02
8.631496054065409540e-01
1.660430214433009088e-02
1.722878164669194856e-02
1.425072528969711927e+00
1.927422856798885475e-02
8.565790007550666552e-01
1.862089049303295232e-02
3.076201378131839803e+00
1.980242290707687203e-02
4.408781731483373711e+00
2.312065414370686675e-02
1.994281091101128556e-02
1.924428997475823022e-02
1.281448862471192385e+00
6.329817759538753918e+00
1.991546736638739531e-02
1.932768852670949111e-02
8.247017241204038784e-01
2.155366829347205374e-02
2.594885133544933345e-02
9.368360576411295382e-01
7.941073817724020323e-01
2.354858033291214875e-02
1.584748601452949657e-02
1.071234483150201200e+00
1.982669417383573635e-02
2.008645684691950928e-02
2.058272851573152845e-02
2.198023749092355844e-02
8.238301570934116747e-01
2.160589300616375802e-02
2.258034070093816945e-02
2.431702991538583700e-02
2.190800223092700255e-02
1.079839576909382703e+00
2.063776465579387348e-02
2.472241447069503315e-02
2.363286691545379153e-02
2.267816147005169425e-02
2.072510666200091944e-02
2.030914812825479823e-02
9.175413000914101058e-01
2.036649491266512985e-02
9.151192336062701216e-01
8.546908027955553155e-01
2.584994069490802876e-02
2.271170357717394728e-02
6.820291216503029386e-01
2.069784160953852190e-02
2.205592686208978845e-02
8.185832589468101661e-01
8.966730872522765683e-01
2.549472817795676249e+00
1.932041944573427428e-02
1.653208877694662543e-02
2.215253013615499367e-02
1.887931650153228808e-02
1.106857570139341718e+00
1.563386691916332158e-02
7.840649684392562158e-01
6.901524785754292735e-01
2.475890325283956403e-02
1.952965652510016414e-02
1.359548316910761834e+00
1.788092361075894338e-02
1.679613390109789550e-02
1.953726485445909933e-02
8.282096638841068836e-01
7.865007070065895833e-01
7.715812060097448910e-01
1.953330123200297530e-02
9.590634306177718837e-01
5.794468950253782502e+00
2.259577779767259209e-02
7.828881722136670218e-01
7.638417326674578067e-01
1.768600919338864444e-02
1.858061944999057566e-02
1.646669560410050220e-02
7.778829249296940196e-01
2.203547541637065205e-02
2.340976090673814805e-02
1.039316285998627798e+00
1.567071166943233979e-02
1.862721939073081617e-02
9.061203471236267681e-01
7.633042087377523988e-01
1.752643003033452218e-02
2.273075682693877220e-02
6.131908635406326802e-01
1.568550535561642409e-02
2.454726142101600755e-02
2.151293175340602409e-02
6.502769427336556607e-01
1.694634272497104466e-02
9.253777251883976707e-01
5.650425940811903303e+00
2.400253191154202645e-02
7.882351885413763082e-01
1.975952938198347747e-02
8.164620255542223148e-01
2.043459403924178380e-02
2.037104723167579984e-02
1.195119833169054013e+00
1.747879375932579610e-02
2.586860830534382441e-02
1.707991457961440321e-02
6.750693732084914522e+00
1.713104622949211675e-02
3.559510894374890100e+00
8.903863898468231675e-01
1.896349112260117126e-02
2.057905590547166527e-02
1.022078614331608293e+00
4.353704349971017962e+00
1.813228410350778766e-02
1.944304242744909414e-02
7.308273317602470565e-01
8.484328290103235748e-01
1.828451193615971554e-02
9.689245588239989715e-01
1.016785472433840543e+00
8.043932136810445499e-01
2.053432448879731823e-02
7.940257602686577876e-01
1.086475686765240090e+00
1.838648105489012682e-02
8.435304446898814756e-01
2.196389643623051710e-02
2.088103799117985854e-02
2.178390100801977369e-02
1.203511777795655657e+00
2.085614737780053934e-02
9.309132854486743547e-01
2.005982009341486169e-02
1.808513102049672666e-02
1.543718917712916597e-02
1.535182558900133554e+00
1.056410858041385126e+00
1.566743729384478812e-02
1.798347561407294057e-02
8.039296913412985468e-01
2.588144428043368667e-02
2.121407187232711086e-02
7.523743067778239091e-01
6.146224026097657500e-01
1.604642437872755290e-02
1.806867564353257030e-02
1.786125545211935534e-02
8.965698753787972874e-01
8.926982259608491344e-01
1.414246968859994791e+00
2.074732592058046998e-02
1.911926842300826213e-02
2.209166153083568992e-02
1.996426004303903518e-02
2.116834629566324844e-02
1.999283829836271190e-02
8.838896419718111908e-01
1.661531070987208938e-02
7.432725371447889140e-01
2.284907092838683873e-02
1.886740951345705283e-02
2.135136018385056997e-02
1.972195785391940223e-02
1.015709371238829206e+00
8.557687181627624540e-01
8.305600421619558915e-01
5.387213197127293185e+00
1.690129423835752542e-02
2.153318831891250229e-02
1.657276576473238477e-02
8.119184663690373061e-01
8.173381369320520395e-01
1.789565532564489289e-02
1.706307313588217162e-02
1.808212634767413896e+00
2.084518652736730773e-02
9.004655212889187688e-01
1.813468121325714083e-02
9.464047579034433610e-01
1.033486046192372054e+00
7.579030583959206480e-01
1.184210083230742061e+00
9.633711737374488493e-01
1.075003310035323567e+00
1.951703237544477956e-02
1.982457325366121514e-02
5.712898208057337612e+00
2.471671475567816315e-02
2.196249651930818822e-02
1.608019308246994364e-02
1.876011990898191623e-02
1.839962783481517011e-02
1.948721739487634802e-02
2.161690825543337302e-02
1.014241385352270486e+00
5.331244333612723096e+00
1.371318145528384498e-02
7.732345071348980525e-01
9.087598315361664625e-01
1.674495203112666419e-02
1.031039580318358739e+00
1.968408519177567567e-02
1.813104057395242483e-02
1.021817431959046019e+01
1.692746941623591087e-02
1.370739706347043341e-02
1.974785170764296882e-02
2.145069037534626938e-02
1.858340447255666522e-02
1.101723793189624212e+00
1.693006023173032962e-02
1.710562933057906632e+00
1.598464356609531622e-02
1.842318966908498834e-02
1.074732310317975781e+00
1.749904565935930800e-02
2.224734336087738629e-02
2.262286416504170547e-02
9.072944678750421987e-01
2.030767946078968975e-02
1.750890264342163868e-02
2.162626646148061924e-02
4.120983539867611789e+00
1.329333384032692189e+00
7.016436258974885209e-01
8.305123210242133514e-01
1.462192430087133843e+00
2.054171628949895412e-02
2.369520169055012657e-02
9.259710839954273798e-01
1.786681455824034107e-02
2.252549142365023460e-02
2.197783555984667708e-02
1.744664401789117192e-02
2.149622065010752328e-02
6.905153083696535798e-01
2.186730174164011262e-02
6.495698604658910469e+00
1.808210187510377043e-02
1.994038945624446169e-02
1.355535494235981631e+00
8.778012631889029471e-01
1.082290838718240167e+00
9.612214799265503817e-01
9.363436513155625196e-01
9.517279990797951061e-01
1.241307958177370260e-02
9.301538138031734126e-01
1.806820636817072293e-02
2.089626119211017430e-02
2.063746127917022444e-02
1.833555412691003847e-02
7.840843954223229995e-01
1.129162044257250974e+00
6.998148104150800908e-01
1.079318185346128889e+00
8.685909725091656153e-01
8.213881329227794570e-01
1.739043119812368199e-02
1.057461159691186925e+00
1.890183594558043217e-02
2.191211410984112914e-02
2.481326381097660391e-02
2.477484994954430586e-02
1.511178274784040140e-02
6.571262989226331896e-01
1.675031940921041865e-02
9.413402025810265750e-01
1.805272044807193499e-02
8.535525539606012568e-01
1.665280352740800690e-02
2.007180648901591216e-02
2.240541539328848655e-02
4.994644361850834713e+00
1.959397125358883912e-02
8.542540761579248132e-01
1.652610626622744161e-02
1.210605161770763161e+00
1.630317578546756963e+00
1.778514289462958947e-02
1.545516996778289673e-02
2.301463647466819862e-02
1.915257802931053313e-02
2.001384708422770942e-02
6.744473627240265001e-01
2.017304752885672528e-02
8.367590850697310678e-01
1.039859636644089314e+00
1.924113370604638162e-02
1.697482087094657338e-02
7.842576262592839687e-01
9.009600624492299925e-01
2.588356729259362610e-02
6.659373791188297753e-01
2.619884495769490840e-02
1.876181877531836462e-02
1.969641055992478809e-02
1.813119330681243688e-02
1.854910684128818071e-02
7.585008509401693910e-01
7.421759858008458721e-01
9.599314621972347972e-01
8.456682602266927251e-01
2.449879677662883393e-02
2.530294602171147267e-02
1.114548115440616494e+00
1.384850428368431530e+00
1.663076470262564097e-02
1.279117293910192688e+00
1.372313670628540372e+00
9.399066997102636378e-01
1.716964353371770377e-02
1.575935480940069189e+00
2.360042428807969730e-02
2.266062975789384995e-02
2.304734593722108926e-02
1.958978240797983050e-02
7.302113182596188246e-01
2.203947378967884702e-02
2.019946047977303968e-02
3.896907307669690290e+00
7.301658103086366980e-01
1.832312091849287033e-02
1.482714717295911644e+00
4.859843995268155581e+00
1.685044233677115200e+00
1.020486597632831005e+00
2.274643439992893312e-02
1.826645335948164084e-02
1.851157620820229055e-02
1.018469046722114912e+00
1.815942384741449714e-02
7.599105841403857031e-01
7.601428439089086275e-01
1.748441117064622463e-02
2.022744698892840060e-02
8.482194404899654483e-01
2.608028067921134424e-02
9.018081278163305736e-01
8.538331481471315154e-01
9.071946212707644452e-01
6.539246645604948061e-01
2.319678436666757285e-02
7.759629938806571481e-01
2.488358613504351377e-02
2.426437998423445652e+00
7.302297359016012290e-01
2.030169304642975153e-02
1.007964196254952816e+00
8.065417121913673881e-01
1.892217135404323375e-02
8.541827823522845087e-01
1.273973069769916311e+00
8.850440074053127493e-01
1.263676425286731853e+00
2.061209970170256242e-02
8.259164472144640001e-01
8.391505243924508584e-01
1.959666920493438602e-02
2.107543576925564530e-02
1.525528381392503130e+00
1.694925622133146292e-02
4.540662985133611329e+00
1.867722345648980403e-02
2.937302994795215838e+00
1.478901628945054544e-02
1.271096820541065764e+00
3.177458140137491949e+00
1.943493562178833622e+00
2.016524772446874614e-02
1.927146571042351320e-02
1.466781323505625748e-02
1.005898925453346582e+00
7.531742688847373746e-01
2.392302631443750383e-02
1.524873857892029838e-02
1.965570096653080842e-02
1.300009259123134031e+00
1.861974070309261459e-02
2.287725261865609580e-02
1.904161696804150192e-02
1.600978524779226794e-02
2.001386176429308106e-02
2.337300362977938820e-02
1.949151819806863722e-02
1.951214143984428967e-02
4.313904071713134947e+00
5.011720906429256495e+00
2.007216739381520801e-02
3.146068419576208974e+00
8.534400237640547005e-01
7.188592472207999684e-01
8.323813627250538083e-01
1.929190732703697009e+00
1.155687827457641426e+00
8.053492490276314975e-01
8.207723463517069273e-01
1.985006222307533069e-02
1.535067711059782958e-02
1.926227741785683720e-02
1.080015055113800138e+00
1.973222484197920124e-02
8.071669609209168872e-01
2.173737279476953971e-02
1.956535966526104162e-02
1.588004641753828702e-02
7.867679680142931620e-01
2.096237384659646596e-02
1.969345089731553561e-02
7.683509150929945797e-01
2.170136575387929256e-02
1.535895396176167882e-02
1.754379666068124968e-02
2.104635596170803535e-02
1.676804442447994703e-02
1.016557088443056811e+00
1.958139569182800258e-02
2.110996014742866356e-02
1.395400321799788346e+00
9.852800630979394736e-01
2.949859644758924926e+00
8.906147173255223315e-01
1.369296320647759441e-02
7.357642941347651844e-01
1.197486946268068841e+00
1.845874840876717340e-02
1.033608171690676869e+00
1.851045396703516685e-02
1.931146169405227597e-02
1.731061174351244611e-02
7.624822255006079574e-01
1.239557383168144344e+00
8.794034257745539929e-01
2.501245739091880263e-02
1.279763212430644614e+00
1.515987439229961840e-02
1.644940356500582818e-02
5.769084341545060113e+00
1.806537675441832747e-02
8.809099633820673958e-01
1.893326340772912356e-02
2.062146632068311350e-02
2.000048212668654318e-02
2.244957944284571225e-02
2.108235631029592091e-02
7.689402750534920505e-01
8.753877312098150565e-01
1.859436586123777019e-02
2.133888253229191193e-02
1.989779753184208952e-02
2.318140520943126615e-02
1.032470347935645849e+00
1.816573741783238105e-02
2.044587320481021375e-02
1.967922152592297899e-02
7.654563091680608444e-01
2.319411063914085247e+00
1.716284655981098473e-02
4.216948185772057656e+00
2.577846715255037502e+00
2.049740742885847525e-02
8.032644934293210470e-01
1.120617331103160641e+00
1.941631888432186759e-02
8.818301213587668164e-01
7.198325976890831424e-01
4.332277800356905573e+00
1.642938283189777221e-02
7.647161700406820417e-01
2.013805890867353954e-02
9.842982806120130768e-01
7.035532902479619821e-01
2.376765512586241288e-02
1.851212302104270763e-02
7.655842838094042424e-01
8.062248272265637450e-01
3.123001560233094054e+00
1.790270159750019865e-02
1.976974263791310416e-02
1.948249978699872348e-02
1.978024276999900896e-02
1.827612803785653300e-02
2.525347399380047098e-02
9.660620094357945664e-01
7.026510779637094029e-01
8.798770704517073771e-01
1.327704158334559903e+00
2.666915668738733397e-02
1.919815818239973410e-02
8.035115417666067739e-01
9.960917218883289515e-01
7.420692733898436311e-01
1.619646058214139692e-02
1.852999478315939252e-02
1.761910668483670714e-02
2.039104725447920402e-02
8.118205661079811453e-01
5.039498941420044176e+00
1.944671856530191117e-02
1.740766323322434639e-02
1.915169835268600712e-02
2.109799861907280319e-02
3.333684262529977183e+00
1.634649684862270191e-02
2.035345934280036878e-02
1.273072014300972832e+00
1.504966199048932918e+00
1.881192484564287587e-02
3.430261026089318488e+00
8.479770470815637395e-01
2.020082660624801518e-02
2.173072122239270293e-02
2.185211983732553848e-02
1.929195598072320994e+00
1.000751411009639824e+00
1.081005193024615396e+00
1.872551910112059403e-02
1.952374818301568643e-02
1.055799192384874408e+00
8.459739196111121240e-01
1.731146898625313818e-02
2.215535080055332923e-02
1.042000761410720955e+00
8.744173117667457529e-01
1.776046347572413781e-02
1.537374235375891726e-02
1.460712439297218862e-02
2.058145566416318475e-02
1.804541513012794876e-02
2.094708374653554001e-02
1.905984413592289733e-02
2.206940009128897234e-02
1.015999855790027384e+00
1.841975317570208881e-02
1.295683218267774883e+00
1.687170210151052799e-02
1.007251587575845431e+00
1.766124753542624992e-02
6.626395817426307122e-01
1.099462001272420553e+00
1.555528539086100705e-02
1.893726448088823427e-02
1.993270514657376202e-02
1.936911835320768993e-02
1.907907013988795891e-02
8.041956731198620645e-01
1.750367802161986730e-02
1.054610919113049938e+00
1.880939409688726222e-02
2.329768306902960801e-02
2.111088632322781489e-02
1.848963105402127993e-02
1.850789091657903049e-02
2.383114118215792776e-02
1.067249474565050704e+00
1.962139884295722309e-02
1.149872591891620832e+00
2.084567323702963756e-02
2.090225508169211988e-02
1.263163157938069769e+00
1.847880406738452649e-02
1.407706183598280703e+00
1.746291798434079778e-02
1.743448498997561547e-02
1.748133506150935032e-02
1.926836858233740499e-02
1.791401671670458939e-02
7.895399373437432811e-01
2.270405553387032427e+00
1.986149867037582256e-02
7.918770574651590177e-01
2.166295014294271348e-02
1.776004013050793556e-02
4.511237168211163606e+00
1.296404968955562564e+00
5.533870389847738380e+00
1.662543425371924150e-02
1.459572415723642963e-02
1.790613455257568029e-02
4.787841476945041030e+00
9.202535747444167136e-01
1.139411864486584935e+00
3.875175234979767680e+00
1.361454862117536004e-02
1.802329925770536356e-02
1.775669555990264797e-02
2.030541965250324404e-02
2.041318706271834371e-02
9.708301011018749538e-01
1.622489954486763808e-02
8.164131460146537567e-01
1.420183179344671975e+00
2.047941000442023846e-02
1.857628563616229439e-02
1.810021677960833159e-02
3.272631603046409321e+00
1.608228672985084068e-02
9.384743937730972707e-01
1.781778466141824974e-02
9.823847042463048629e-01
2.023631335005228113e-02
2.100549066675532622e-02
1.773916416738493748e-02
1.699806652201570761e-02
1.640541422512909950e-02
1.850949384379078910e-02
1.387276213237705925e-02
9.353662166359790753e-01
5.613727827124517233e+00
1.822206476898594052e-02
1.919805620122029197e-02
2.089274084873456339e+00
1.601210829890366283e-02
1.741310502908849367e-02
1.840986603498030727e-02
1.077907178131590982e+00
1.996250682795680520e-02
1.513496467308981901e-02
1.863454933063751415e-02
1.227795932939010015e+00
1.413712116405188013e+00
1.622857100021185897e-02
7.775673617546805527e-01
1.666125983743065378e-02
7.594378461563074945e-01
9.034385824477135785e-01
1.501790831998875073e-02
1.502578783167774629e-02
2.481382989592142638e-02
1.865296121339958188e-02
1.654478813904749698e-02
2.204027817208712228e-02
1.690270718961267918e-02
1.425112829472244616e-02
1.444952964191109288e-02
1.916637118050442540e-02
1.777061283421823082e-02
1.832302764875357731e-02
8.888354475777389130e-01
6.713360135511515780e-01
1.774827401197000276e-02
1.682274442659632482e-02
1.550529464491359581e-02
1.658913791333994567e-02
1.398041662297535431e-02
1.723419191646928528e-02
1.837016112988153552e-02
1.460356135254477161e+00
2.137921889936927888e-02
1.959302950969149873e-02
6.751914649063035512e-01
1.612345464361561453e-02
8.418946440344767801e-01
1.846456898455776582e-02
2.235285429499374657e-02
1.768156995097331860e-02
8.548575288145878748e-01
2.059683492042307246e-02
7.422270646333553046e+00
1.762250861228633475e-02
2.016109189743998942e-02
1.908122751801933845e-02
9.105964746181112179e-01
1.715286981123833460e-02
2.022404407872637616e-02
1.670642168226788710e-02
2.591525337622141212e+00
1.795555413307876186e-02
9.164635628538562173e-01
1.317323367578527415e+00
2.006621938232049096e-02
7.863517044494383601e-01
1.009880287512047836e+00
7.999243975770475856e-01
1.711605901197056634e-02
1.179577104556406741e+00
5.531182963022663657e+00
8.572821292234895640e-01
1.911420516442874015e-02
1.566920744420248479e-02
1.032318995659673000e+00
2.253165635317605497e-02
1.999134954568611289e-02
1.898014486263522801e-02
4.079320279084716283e+00
1.991172417157130448e-02
8.718408916828543909e-01
1.955431857842507629e-02
1.885296898674837865e-02
1.046274941350866960e+00
9.105330433426301884e-01
1.930366395662373724e-02
1.708933969154670385e-02
1.578523508676733106e-02
1.958110449960984850e-02
2.252538260333617273e-02
1.875330275050492504e-02
6.888664966326876193e-01
3.279490913900105831e+00
1.850092077957382272e-02
1.987419635205735918e-02
8.175576129912514034e-01
1.613602328934024902e-02
5.350697947328548310e+00
7.498366665339537551e-01
1.729345949676889052e-02
8.695947799117069721e-01
1.880193846914812728e-02
1.742021889013170566e-02
7.104626078165204861e-01
1.823682224481645159e-02
5.014280859440304994e+00
8.300357655339762886e-01
4.459866027919727749e+00
2.104923380641644803e-02
1.732052918481410617e-02
1.798253378122232488e-02
1.943050677490876926e-02
1.714813739904223061e-02
1.319865265323656445e+00
1.554841873229457355e-02
1.979283948458722409e-02
4.935804543207726880e+00
8.566608495195497941e-01
2.196444309119785498e-02
9.214078927181876821e-01
7.114680660651560018e-01
2.029492661762511557e-02
2.020361212420025698e-02
7.332093333852576222e-01
1.783236521965758659e-02
1.863761275769033540e-02
2.189431290597819088e-02
1.415406484020377553e-02
7.090322360180731920e-01
1.915863937259399546e-02
2.160131178068173258e-02
1.751128770198068230e-02
1.786128336827472185e-02
1.309225666064311788e+00
9.033199299008576322e-01
7.452074047331869178e-01
8.187256841755081727e-01
1.991872649525422423e-02
2.523561339449014243e-02
7.428133378552005395e-01
2.093325387858603615e-02
1.808305201463205475e-02
1.752637561707636946e-02
1.437606343484152879e-02
7.112123977376678674e-01
8.383212111906763742e-01
1.546857345649356105e-02
1.423169377539131378e-02
1.150048421806550314e+00
1.848216005686546468e-02
1.986840958747041960e-02
1.893995195005341095e-02
2.073422621721773135e-02
5.418976592458013997e+00
1.040977480048736359e+00
7.922558716734833251e-01
1.680974656117486740e-02
2.099417093069207152e-02
7.434949342875130096e-01
9.224489077656232716e-01
1.975431452703417870e-02
8.384529170436606504e-01
1.160033854465571057e+00
1.490783041683617013e-02
4.143550856182296904e+00
9.425573881477922189e-01
1.138449052800292183e+00
2.045959634846932634e-02
9.032370991155045381e-01
1.777182063624729857e-02
8.288210804629734252e-01
1.738066311957837604e-02
8.679499886807371389e-01
9.276212240935626241e-01
1.968598943653897260e-02
2.171107408381398735e-02
1.590992770039145396e-02
1.915416821225299562e-02
1.593150989743091425e-02
1.533032878967148863e-02
8.714279774547324386e-01
8.565077631647415313e-01
6.054505262813327349e+00
2.403558601836034217e-02
1.801131983507724479e-02
1.483291028422063958e-02
1.148077830032648183e+00
1.843476779105831034e-02
1.026777327111789262e+00
1.434243219230817878e+00
8.315718144180324067e-01
1.959273678447745470e-02
8.507987554170530764e-01
1.994665268333888769e-02
6.852137859133473619e-01
8.677927718485427544e-01
9.188127774514065482e-01
1.135384200606004867e+00
1.314816094481043862e+00
1.776729616695395947e-02
1.633060008166007868e-02
7.008742988892435744e-01
2.104535997609413220e-02
7.885878804736200509e-01
1.910648696816035635e-02
1.950343942035730194e-02
1.795421390798751515e-02
1.873421685624906963e-02
2.027373069347849360e-02
2.186669564011951145e-02
7.242352786290016109e-01
1.088245405444379088e+00
2.074039350075305294e-02
1.086872883166526194e+00
1.706533801989666699e-02
1.553921732499377248e-02
1.770101416297329561e-02
7.675944113311166106e+00
1.390189901607233498e-02
2.215481413026080051e-02
8.608538521090667306e-01
7.819894419665056606e-01
2.133700296118063236e-02
7.181560857653048746e-01
1.783436627647586731e-02
2.120880910757120402e-02
1.004432567854961267e+00
1.524602055984983044e-02
1.958269463004953803e-02
1.964304569931379918e-02
1.740369753935373798e-02
2.214275320709331585e-02
1.798750221888578346e-02
1.941377780189076918e-02
1.864204534698397919e-02
2.079514762027898783e-02
9.069147415725541395e-01
6.535503520978653835e-01
8.927592178536951639e-01
8.864650922687459245e-01
1.365569940672498733e-02
1.977959985164563089e-02
1.867019125463746654e-02
9.749995155215287479e-01
9.829316888379435735e-01
8.149092990423574268e-01
7.241727675015723342e-01
1.819024847562570463e-02
