9.645776846156379758e-01
1.319063224887031982e+00
1.453814617727831049e+00
3.706548148951133159e-02
1.196758595274906467e+00
1.148228077046776985e+00
1.215650089235996711e+00
1.292564879596445282e+00
1.357506223014201263e-01
1.278317866059659691e+00
7.540819484945109341e-01
1.464108650325692373e+00
1.667666465358056066e-03
3.916345057301644228e-04
4.228166483860537617e-02
1.280910140379627693e+00
1.194669616791616873e+00
1.249096513878556358e+00
1.366813317881697021e+00
1.102667506392376540e+00
6.221966212064328205e-02
7.586183451702547265e-01
1.364149454561767394e+00
1.261799188005809258e+00
5.351435223690395940e-04
8.998559796705304370e-01
1.142388161523226309e+00
2.099124220467213885e-03
1.259042356363561321e+00
3.519131730364791211e-03
1.220530448156352810e+00
3.710596340459251102e-03
1.314842363416478754e+00
1.125866272468127871e+00
1.430257475859260774e+00
2.360019887661826576e+00
4.346984745808375017e+00
1.218943877890087402e+00
3.393364923172333125e-03
7.456736125098589740e-01
4.409328888342221517e-03
1.182550955480095478e+00
6.883352022023339067e-01
1.949465687923274820e-03
1.217936096565859216e+00
1.259780419463327750e+00
1.171613481082304675e+00
1.160221805812316598e+00
1.191120519217671259e+00
1.459456091947300083e+00
1.212667451298901078e+00
1.050138295886340956e+01
1.665223047324207450e-03
1.153467507941511538e+00
1.041967109891588272e+01
1.013717943901236603e-03
1.229944064286755623e+00
1.219760827958979332e+00
7.735728194412846426e-01
1.354736282693090876e+00
7.991958101638448053e-04
1.312276182243464540e+00
1.233856972157966192e+00
6.950840169417313308e-02
1.256470415046485822e+00
1.628095240720616177e+00
7.737554516422221612e-03
1.466934331558630955e+00
1.260750364965525616e+00
1.933879607906361375e-01
1.507723433371205068e+00
1.279982852863758014e+00
3.799300866128504234e-03
2.492460477421739456e-03
1.043762002163034275e+00
1.036931601038096340e-02
1.289994534647973312e+00
1.359771674267269637e+00
1.126683926167263872e+00
1.250524101575344549e+00
1.388669215101364873e+00
7.664551689947497054e-03
1.241842113387507940e+00
1.119524945034178431e+00
7.986707536556152398e-01
1.046902078212585296e+00
1.352674153808507196e+00
1.096915152926121850e+00
1.135676144630477502e+00
2.313736616998213202e-03
2.047064274456366295e+00
1.299546522553914008e+00
1.145796697839483569e+00
1.210278147282256578e+00
1.125636470212487472e+00
7.147542359920325966e-03
1.326464899143006582e+00
1.072824994585005687e+00
1.374918903973232798e+00
1.539275452586145315e-03
8.438283734625583454e-01
1.358463636793905804e+00
1.119632330963656192e-01
1.190712286613062332e-01
2.335466067178177535e-03
3.728206819631926100e-03
1.311487753874207352e+00
6.720122440437081845e-02
1.200050191142092854e-03
1.199893372366798605e+00
8.195149293255326040e-01
2.283416904072940994e-03
1.231628552284197431e+00
1.473332175355403173e+00
1.331059187199961968e+00
7.813304144166826060e-01
1.215640759536981808e+00
2.033143334703539917e+00
1.119122455576712305e+00
1.192659590361199173e+00
8.049299533059503520e-02
1.198449767808085209e+00
8.916088595379746407e-01
1.063376741247306523e+00
1.138636672993116106e+00
1.482355789780283706e+00
1.602989089036329418e+00
1.149447101369559743e+00
5.445252508694820026e-04
4.801268616904002390e-02
1.312342494160722906e+00
3.422164121024022509e-03
8.647472962675465391e-01
8.552793977295299749e-03
1.198954979114891906e+00
1.108324333001635964e-01
1.357362965883230466e+00
7.193165676868934488e-01
3.397683113548032041e-02
1.879648096373102706e-01
2.699653523075416089e-03
7.636412158000925876e-01
1.659966011526994301e-01
1.323802939294986825e+00
7.651391870618182711e-01
2.955324760268874390e-03
5.166481461388101881e-03
1.282991401174880197e+00
1.208787984943327842e+00
1.249289985383912782e+00
2.220242268108757688e+00
1.322692616014019773e+00
1.303790873606059053e+00
1.260611780851111696e+00
1.276868862391178805e+00
8.109151819102098369e-01
1.122958401386063398e+00
1.112280671725132342e+00
1.234236455945087130e+00
1.374377329652074931e+00
7.720763307321256708e-01
2.370712574691109076e+00
2.595181595496053983e+00
1.680235979384160083e-01
9.525015271386148841e-02
1.127475733631919219e+00
6.962712995806832200e-03
2.639593601324825844e-03
1.349252053509892413e+00
8.511943221271967008e-02
1.203497468663338621e+00
1.393371460414847718e+00
6.751461701491306283e-04
1.233097383339680997e+00
5.361851357783976868e-03
1.184928952031316207e+00
1.298882100021094610e+00
1.163350982608480910e+00
1.178690295497459406e+00
4.249103030764671968e-02
9.373013079834004169e-02
1.358534068890286717e+00
1.010411244719293215e-02
2.032120962974017786e+00
2.381501154010333410e-02
2.133130916621740703e+00
6.518152496893564463e-01
1.261967150821315276e+00
1.275908885699584161e+00
1.248380962028817542e+00
2.360921426428407022e-02
1.235836187827572541e+00
1.346262385653189897e+00
1.201179311159439322e+00
1.205433991094775337e+00
1.259639761564836258e+00
1.432295638981678429e-03
1.218363169798794665e+00
9.678096206398739687e-01
1.271045305973702799e+00
3.281163914510887292e-02
3.032067166229852201e-03
3.833422750412901481e-04
1.463779732537271672e+00
4.046805933879649500e-03
1.327215045658785453e+00
1.373904594183838590e+00
2.680288647365585905e-03
1.368802218416734551e+00
1.372882337861765389e+00
1.106281587336456207e+00
1.254733024360447535e+00
1.009646168888769324e+01
2.458091738782102631e+00
1.180869095265175472e+00
2.506036236606338369e-03
1.295980565719378141e+00
1.080670281572925440e+00
1.339249040114043110e+00
1.231647966239172387e+00
1.262801114641719291e+00
1.243072776659916778e+00
1.210925034393141031e+00
1.331360248733460594e+00
8.084526504268992886e-01
8.612978886225393371e-02
1.581725462949220840e-01
9.053373269282072311e-01
3.316286142420300787e-02
1.151061860928878078e+00
6.721610584611030781e-01
9.891098241611531172e-01
5.554066753197765827e-02
1.199568940866832190e+00
1.397247801859196281e+00
1.116939256784668100e+00
1.622893440481483138e-03
1.774392710209298125e-03
2.340626123537031898e-03
8.032727615109940267e-01
8.640425757009074781e-01
2.682604155879922958e-01
1.466455634135559877e-02
3.138294282189910134e-03
1.198063511330606623e+00
2.655087353072975442e-02
1.219908128033734274e+00
1.410506180111583241e+00
1.155158666853278948e+00
2.198343506089066146e+00
1.212261831235051712e+00
1.099367727541296880e+01
5.481833893452333142e-03
2.538537151034575903e-03
2.642888019356935680e-03
1.267884158054398469e+00
1.219931154802016415e+00
2.667179239700413484e-01
1.376503610950261747e+00
2.511977010585248582e+00
1.368437648497955017e+00
1.678871485773364425e+00
2.287413094054652901e-02
1.208750814293273024e+00
1.118833610165749226e+00
1.022689600367518090e-03
4.748699594871363255e-02
6.046789745964382609e-04
3.455551524956485682e-02
1.177895339457417201e+00
9.289047671240036053e-01
1.326445840733051496e+00
1.510576741332861003e-03
1.223261336542390998e+00
1.122627163840901998e+00
7.735345461633725411e-03
1.237164229998068299e+00
8.182437983861373665e-01
1.242293597020418972e+00
1.306705048156034943e+00
1.169286794805112634e-03
1.040063500573108701e+00
1.587978799260977153e-03
2.627318265153489457e-03
1.207897374511387012e+00
1.395419695998725285e+00
1.104527063013573285e+00
7.302709848953972682e-02
1.314047098700271476e+00
7.700676140001857378e-03
6.917330827423601169e-03
1.484480659371192557e+00
1.202389642254878321e+00
7.911909757546697897e-01
1.231696813410317004e+00
1.230431537758417182e+00
1.325745969380232703e+00
1.198311566289045338e+00
6.934565708044342358e-01
1.359324136560167595e+00
9.896069633901115603e-01
2.261473051271283730e+00
1.332537102544411489e+00
3.642457853240322133e-03
9.576704406978928108e-02
2.241089376830731478e-03
4.419986083888072237e-02
7.177815410906920185e-04
1.271690120995106810e+00
1.338241973748190095e+00
1.362732706272026917e+00
5.549392779372573636e-04
1.171248452128090811e+00
7.592079582965746698e-03
1.505764656730220752e+00
1.284501374639456683e+00
1.205638854553142458e+00
1.271195348755610910e+00
1.932152632083129262e+00
2.154918032629933936e-03
1.034333758019789551e+00
9.475520213741684961e-01
7.487615152754488745e-01
1.180227521188154327e+00
1.212817066553536494e+00
2.209037459865781372e-03
1.564519049178940691e-01
2.373418472401152557e-01
2.515774182420599914e+00
1.326019916240411378e+00
7.658123532781108134e-01
3.723591295740408258e-02
1.222396544661003892e+00
1.158420561700108209e+00
1.240781928345113583e+00
1.263106136591822359e+00
1.233343666014460327e+00
1.187532343920069566e+00
7.656914269031393425e-04
1.177451777192617177e+00
5.174123379599611383e-03
7.344968669740224998e-01
4.269833132635326989e-03
2.363565244515700936e+00
1.432629405542412693e-01
8.506337546422331197e-01
1.895708352093962379e+00
1.054512413102109392e+01
1.167626614173039812e+00
1.176796336188157488e+00
1.301658214303529126e+00
5.841800933574867877e-02
7.317639478847132173e-02
3.052621750342201287e-04
1.201345730878671025e+00
6.187431090587866001e-01
1.255270747871228387e+00
1.291037362831423563e+00
1.125091350845395466e+00
1.511940577880542591e+00
3.114133860594898995e-03
1.316083315748606819e-01
3.632861185757674943e-02
1.332958136942815175e+00
4.935254546154475841e-04
1.313135928180963197e-01
1.411949392201242048e+00
1.574791925165123674e+00
8.865146044426147620e-01
1.365555717617117359e+00
1.766832973721910692e-03
7.809026336767536935e-02
1.192224664771462939e+00
1.065322827935594185e+00
8.330901797389259622e-01
1.320509399645875947e-04
1.358856269793209393e+00
1.394366964038485257e+00
4.327822012356950798e-03
1.582646211927281721e+00
1.275368157955181658e+00
1.274800549106956060e+00
1.197334789665382537e+00
1.169222529896520202e+00
7.240624971190115500e-02
2.024649541441681522e-01
2.994792092655503279e-01
1.825034006435321144e-03
1.449676540978536154e+00
1.698704219986416769e-03
1.077767997134363887e+00
1.292319263304838109e-03
5.691207000024019191e-03
1.202329467726224177e+00
1.275494478816432187e+00
3.042350559743271787e-03
1.197030295963616986e+00
1.021534722858191246e+00
7.108362063352758886e-01
1.560292043242411442e+00
1.215970050134592917e+00
1.084977710104730875e+00
1.194016576857078737e+00
1.176998863690621455e+00
1.250580885168614653e+00
3.689836384775439099e-03
1.283994716982067796e+00
2.337064998498394885e-03
1.775878657471788191e+00
1.307830310221941517e+00
2.337484591531528537e-03
4.372303253568813552e+00
1.332416033835329250e+00
1.208158907877018962e+00
1.411202101367866835e+00
4.415977605923838700e-01
1.308091477374774714e+00
1.279527215009943486e+00
1.142171786555266744e+00
2.176546504714184649e-01
1.328233417014769602e+00
7.600895377679037224e-03
1.468793439193321060e+00
2.500875149874111011e-02
2.585903376436625434e-04
4.095909921360475769e-03
8.298639076741716469e-02
2.097484368073421646e+00
1.294663036472386564e+00
6.534642507274599291e-04
1.325954133535281798e+00
1.075837997876153862e+00
1.352621527729199302e+00
1.308281886269293745e-03
1.332579657265337003e+00
7.354660994833006615e-04
4.673253353903412260e-02
1.237250790516139176e+00
1.722998632378462736e+00
7.715287634159149199e-01
1.223970712047288911e+00
1.346124817720918188e+00
1.250637391021374167e+00
1.247726029105253875e+00
2.435895423426451156e+00
1.122213856932361509e+01
1.095232977843887179e+00
3.395834697161271773e-04
2.618609982383175716e-03
1.261019449553157701e+00
1.219620055030318895e+00
9.325088420282449941e-02
2.917184261759676184e-03
3.562633976086908988e-02
1.208001661132521054e+00
1.362223205356285494e+00
4.753338654945309105e-02
1.134676718124087019e-02
8.978906467855445328e-01
1.154676602144825426e-01
8.725963504567793017e-01
1.333902497102446905e+00
1.298580561760350083e+00
3.395825672273991569e-03
1.333756656508067628e+00
1.167066176134771593e+00
8.160542428974019297e-04
1.373170084312429706e+00
2.612628302688694074e-03
4.393922216388700119e-03
7.125867925393183228e-04
1.301103989954420115e+00
9.893624573542947331e+00
1.147636712626633054e-01
1.104081081366662609e+00
1.184141965755839632e+00
7.449983720533149834e-01
3.141505888854912582e-03
1.241207220312418924e+00
1.352890129020175802e+00
1.273721805347443503e+00
5.742384166461381723e-01
6.306960419225232650e-02
2.055126955363518332e-03
1.275155886423470886e+00
1.218116887083605215e+00
1.300938471490186918e-03
1.284687554270345977e+00
2.347005539178874823e-03
1.224524323206006571e+00
3.757932687955679862e-02
3.258226282265751922e-03
1.334857137450899955e-01
4.995529737819581761e-02
4.293911855310719033e-03
2.789113789482034617e-03
1.059493172198826105e+00
9.762841787450650344e+00
1.254829927242796295e+00
1.349208939314573419e+00
1.326861175314835828e+00
7.505290123938508362e-01
1.194705727159815600e+00
1.251231638403232926e+00
6.880731434281617265e-01
1.223689023570291745e+00
1.427182437749611454e-01
1.071264428909234567e+00
1.395445165249752595e+00
1.034490238812973528e+00
8.078713481335706437e-01
2.014197897276595595e-03
3.933886361615247101e-02
1.565105080552069150e-03
3.856649992806080590e-03
1.131062640377653139e+00
1.317428644948385408e+00
1.211222781778093394e+00
1.326432754448233942e+00
1.176631755543029678e+00
1.279591919145570023e+00
1.236962877995973598e+00
7.424073710048367108e-04
1.219572972939739763e+00
3.606873238678581090e-02
1.310086515496125537e-01
1.193551406417239225e+00
1.054394710623750703e-01
1.195734685874244363e+00
1.185639605340516267e+00
6.738150568021846754e-01
1.245348634358230733e+00
1.317338405237683086e+00
1.226499342125502157e+00
1.344813182649800876e+00
4.090496781694662881e-03
1.489568221135357584e+00
1.519277284571299985e-03
1.222749155933850140e+00
1.222555564177498111e+00
1.466418829437040605e+00
8.263277952813169458e-02
1.178986493487372833e+00
1.190365954098912438e+00
1.250281862354788495e-03
1.150708402655180752e-03
2.836418784546926308e-02
1.120403487747644977e+00
1.299801709577488307e+00
1.286001682097773102e+00
1.738714983865879971e-03
1.284396463674210898e+00
1.113293665995660930e+00
6.974019237276211924e-02
7.507727256463593291e-01
2.339170415439839168e+00
1.237852516977525408e+00
1.202363859927402245e+00
2.226895906072407616e+00
1.340400892007144407e+00
8.011530938815711878e-01
6.542551630306731036e-01
1.174557340633543667e+00
8.321767074624516480e-01
1.239793712753955113e+00
1.358911901702615665e+00
1.334032935047483770e+00
3.550096374686014661e-02
1.216463326696159530e+00
6.856577108847629054e-01
1.422808166832307597e+00
1.421129912454128563e+00
2.530946762286782198e-02
7.204716922575814253e-04
1.240642093365887488e+00
7.458015081646078848e-01
5.827152607175956067e-02
1.309541022105415786e+00
7.297579477321692876e-01
2.318149946931592417e-02
1.303663690151622978e+00
1.170162962887468128e+00
2.484261053823179615e-03
9.056351505076543518e+00
1.240855935010209299e+00
8.821833210792069391e-01
3.894723867329422801e-03
1.099746240907406802e+00
5.979235875713998644e-02
1.289364607200460311e+00
1.244386577122886584e+00
4.954335916143404878e-03
2.903874203711354074e-03
1.196154103568419336e+00
1.333670433498855168e+00
3.626978326143795450e-03
1.343891007570502838e+00
1.187611278640064993e+00
3.017229773133734971e-01
1.203135047547223779e+00
9.270047645152531546e-01
1.049880572434408021e+00
1.321574260701260828e+00
1.293457807334242649e+00
1.205910497269567561e+00
2.605835118602545242e-03
1.352242422160218061e+00
1.181870971179235230e+00
2.761901436890389083e-04
2.285204617802197302e-03
1.313655709182016462e+00
1.264704752394760545e+00
1.192185905643498911e+00
2.484342810828362585e-02
5.741984951541499738e-02
9.798164455664146733e-01
1.206546455707173893e+00
1.194021410906940250e+00
8.397256178521465830e-02
1.980309068314385579e+00
1.219741836911448551e+00
3.010175320074082617e+00
1.274995615894964490e-03
6.822672116743088155e-01
1.304072363731945572e+00
7.421806993989252810e-01
1.154825990433555161e+00
1.517870630281322963e+00
1.304787405055827021e+00
9.665361687690512404e-01
1.115431570045163912e-03
3.856675123511554837e-02
1.261932376288791957e+00
8.758272636860400251e-01
1.228933262853554531e+00
1.580640983812528377e+00
3.226920667851161661e-02
7.809887077011535839e-01
9.142816812445258012e-01
1.135043257375969672e+00
9.836705737886589640e-01
1.051389442944479086e-01
6.765242878927529846e-02
5.568314842253809654e-03
1.041429531291232280e+01
1.316252277922148384e+00
8.110079643955343115e-03
8.327719936418639946e-02
7.280698892688763912e-02
8.621964053199113742e-01
3.046896655392608566e-03
1.901567782550840635e-01
6.006742391784871717e-04
1.251774918910998569e+00
6.494390895296744959e-02
1.820204015533857245e+00
1.303267233801890024e+00
1.318948071520147147e+00
1.258645226978131415e+00
1.060694265539845541e-02
1.285121321683774021e+00
1.347004547641686534e+00
1.722108299429667491e-02
1.245495351778583837e+00
1.919460740669251195e-03
3.346607065266959946e-03
6.334143153351552702e-02
1.113491757478115796e+00
1.061263413132762734e+00
1.390508385012138248e+00
7.887274264804114976e-01
2.390194169803776941e-03
9.372731718000778534e-01
8.795512521797086564e-04
3.933662461297066787e-02
1.092920069846450293e+00
6.660547872355527393e-03
1.289529759443444945e+00
7.992013464978214854e-02
1.402714275516515841e+00
1.238608561742600145e+00
1.155529315762282350e+00
1.209206415727372974e+00
1.043055227513805194e+00
7.125661244819621043e-01
1.299311980991915583e+00
3.878253543370687950e+00
1.281740943392358334e+00
7.906365954081919778e-01
5.178193043225156472e-02
2.123261930461534774e+00
1.488776196007089103e+00
1.168513213792669037e+00
1.238139320006832023e+00
1.141209896350658282e+00
7.763198916301387864e-03
1.001759638446329870e+00
1.295578384038472919e+00
1.384626603897690433e+00
2.721409669043760651e-03
5.850523384865920218e-04
1.199485899604399108e+00
1.253409710481520056e+00
1.074880368968975475e+01
1.213151934040670454e+00
1.359280308347970312e+00
1.563218879865304611e+00
7.894855489286284334e-01
1.179192354581385604e+00
9.781875695123676273e-01
1.116714896192254391e+00
1.249621908611735055e+00
1.152542501951930198e+00
4.865288077779955644e-02
1.294944391966536212e+00
1.321253039543074825e+00
1.526396783485439029e-03
4.796370984465558873e-02
9.644944075413923457e-02
1.416258301036498413e+00
1.408520104308467635e+00
1.159499670813547212e+00
2.018173415219687961e+00
1.397085617779687761e+00
1.375307873608934583e+00
1.301684032570254113e+00
1.815769023326761593e-03
8.219464096388744423e-01
1.203508255492288237e+00
8.345863113240385989e-01
1.139567381731058093e+00
1.250327739587655973e+00
1.207980629249170601e+00
7.297527087405897284e-01
1.127738592620495736e-02
1.236262803554228684e+00
7.584219971998519549e-03
1.157395140665179678e+00
1.246912471407725320e+00
1.878975682142767667e+00
2.993719708503672638e-02
2.284208697788621401e-03
1.272006807921261862e+00
1.522901226970436062e+00
2.176387766599852287e-03
1.699703536485084113e-03
2.755895062199055001e+00
1.444137853274455319e+00
7.594185699062488276e-03
1.257158939152185573e+00
1.285191106371401437e+00
1.190369300248491857e+00
1.321695568139382493e+00
1.222146097263446141e+00
1.357353109123031754e+00
1.913119886748319565e-01
1.044810003996604841e+00
1.425136460886523126e+00
1.821068754817684043e+00
1.153374297255391756e+00
1.228836549255404309e+00
7.576121289472224074e-01
1.391732726913818663e+00
2.679538160929765579e-03
1.348780240998304958e+00
1.261620930405319640e+00
1.217288788935898536e+00
2.332044388356147468e+00
7.101043293499705034e-02
6.459437319351606088e-02
1.519186272403237004e+00
1.471051569899491485e+00
2.556528649720228419e+00
2.825066154622832108e-03
2.251786166398413336e+00
4.067961551300232348e-02
1.130600757603355433e+00
4.235034459226263426e-01
6.293404065226038818e-03
1.232966003139183586e+00
1.238678675686008201e+00
4.540128413608165991e-03
1.981732554516479547e-04
1.288105555830771243e+00
9.749244661471621054e-01
1.242927967861360283e+00
1.234118678661577651e+00
2.019911926708832170e-03
1.185114192098655650e+00
5.817172398756594379e-03
3.221200248714700329e-03
8.307320842959886598e-01
1.069460370250088221e+00
9.027295671557304946e-01
1.150495878723669430e+00
5.997516947398851689e-03
7.168848900050096562e-01
1.215657389619805295e+00
8.014139212721188565e-01
1.245532842054667411e+00
1.319745353660711329e+00
1.403210204348531720e+00
1.265010614647891662e+00
1.220198359949584255e+00
1.335321908546987846e+00
7.798267969761218943e-01
1.342480307477218249e+00
1.401464874355734747e+00
1.111804209072602204e-03
2.107107581473249169e+00
2.495671452449154185e-03
2.098922450938415108e-03
3.931835498451255462e-02
5.042086983432885784e-03
1.317392262393076940e+00
7.492343559541071729e-03
1.208539404692998698e+00
1.173484154320443729e+00
1.354562438336506469e+00
1.140920174619126426e+00
2.498826622542924980e+00
1.359488067839690117e+00
8.591736051007681230e-01
1.239486418785899380e+00
3.205077610602707905e-02
1.174430372287647462e+00
1.342482515096893758e+00
1.309792739431398623e+00
2.620110977952789799e+00
1.356750476902930158e+00
1.332613762324039719e+00
1.500011960620016405e+00
1.176665727525651794e+00
1.416304978410377391e+00
1.299460470911807386e+00
7.996484631716385127e-01
3.157154669222734800e-01
3.254193140060786249e-02
1.208387075521508924e+00
1.442600043215784389e+00
5.727485292623984980e-02
1.235204736097211153e+00
4.401324274526295655e-03
2.035507142247976908e+00
1.155834834566058733e+00
7.473499991515867302e-01
1.656320898204484068e-03
1.270954847929567366e+00
6.235888559616216409e-03
1.248473926261460587e+00
4.725013555191046044e-03
3.343555732064532049e-03
4.831988988367121041e-02
1.106093219967233132e+01
7.252438224416830614e-01
1.287065090382643495e+00
7.151725979130758512e-04
1.338485639823049356e+00
1.943427626322792534e+00
3.614740432371402190e-02
3.144683936208202656e-03
1.363888802791095811e+00
1.163359365889794717e+00
5.095746867019983542e-03
2.505398544441797028e-03
1.115452337486940587e-03
1.259288603611504076e+00
2.356629357790829618e-02
7.168011678028751721e-01
1.575860177036532139e-01
7.158892978895132764e-01
1.249342695831851202e+00
6.563042602963550243e-01
1.020336237906084076e+00
1.266876739858076473e+00
1.316523108802356568e+00
1.069419980238147438e+01
1.101102799851300107e+00
1.361548466552794823e+00
7.963449615814308449e-04
2.425929114353766319e-03
1.242246392779170261e+00
1.225939124493602872e+00
1.087957718987359934e+00
1.853753324106917066e+00
1.755154524411738515e-03
5.277462992211343767e-02
2.138115313032413686e-04
7.128739575768242576e-01
2.626008250459797910e+00
2.103198934246218954e+00
1.151736275871282356e+00
1.156032564163824716e+00
1.275223353770484902e+00
1.251353867462189351e+00
1.401608829231818509e+00
1.185027667052469980e+00
1.273882025214599922e+00
1.423968042765672459e+00
7.467782556780544478e-01
4.238368026254719922e-03
2.542872323806693480e+00
7.495132757665721179e-01
7.074713590266473728e-02
8.953484140081801462e-03
5.182720984160096162e-02
7.995798036690662802e-02
1.471873490900362347e+00
9.785149060353961481e-01
5.419579852370196016e-03
5.068522378830097458e-02
1.072538232656820911e+00
2.499358347789177426e+00
1.169849511121565211e+00
1.593780450455070316e-03
5.728449232716814610e-02
1.147996650589061307e+00
3.026010388783508843e-03
1.160771977070766958e+00
7.109828611801052300e-01
3.211326036981562368e-03
1.294361787737124958e+00
2.226750466681198456e-03
1.400554726371542991e+00
2.609169301107920447e+00
1.428192944327554725e+00
1.104838922446532701e+00
1.290574213697789352e+00
1.344773420116213813e+00
1.286790549356742641e+00
2.419556045632485428e-03
1.137037067176058347e+00
4.393415372332046612e-03
6.308991481054281036e-02
1.053088777536058807e+01
1.753913658412867803e-03
6.873693223427267407e-01
1.260209662120597818e+00
1.985105905116643976e+00
1.265700110356408059e+00
5.936766770278045779e-03
1.421620337048560945e+00
1.358818958341253325e+00
1.256019642995792385e+00
1.337448949371522477e+00
9.886820983796545947e-01
1.470372584991441745e+00
1.374444429273487867e+00
3.198582479136309609e-02
1.254267328821291105e+00
1.736030587200073638e-01
1.182372984608930366e+00
8.199236086091911124e-01
1.264200261664810698e+00
1.058740500326392553e+00
1.387851714006517634e+00
5.641718334886655639e-02
2.384760224616111826e-03
1.075879176526899883e+01
8.003732199214392828e-01
1.074991622450149453e+00
7.508881874898872821e-01
2.288448067727102356e-03
7.308307452245668134e-01
1.238279773024069996e+00
8.226720902991111473e-01
9.679000397328448857e-01
1.297496156741758666e+00
1.186740998076624587e+00
1.141804274801408114e+00
8.462833826431999107e-01
2.385345478189287299e-03
2.429197615189113257e+00
1.239464822804325683e+00
3.555530117988382754e-02
5.551714567546438273e-02
1.250571291276229680e+00
1.313527795304848089e+00
1.511004995123042427e+00
8.881451046075832662e-03
1.289465031441433714e-03
1.153087316989257927e+00
1.674762240732173557e-03
1.415179279397479895e-03
1.657838519571189911e-03
1.026573207417492695e+00
1.331612237998250237e+00
1.368468384744969235e+00
1.218486255892077930e+00
7.107130059032418234e-01
1.168313862316022522e+00
1.300186437144340568e+00
7.980041401982124194e-02
2.637174497174609583e-03
4.626748369838337704e-02
1.284126107519738769e+00
1.678385477724155139e+00
5.023593225045443894e-02
1.143942522124218319e+00
7.121282333887517524e-01
1.134090374646841148e+00
3.661441597641371809e-03
1.865046148510157709e-03
3.531836742507824325e-03
2.086282860693944752e+00
1.254132770805624006e-03
1.193057714578329875e+00
7.461251255160344584e-04
9.742649112368670719e-04
1.415384490638948334e+00
1.248818097479359679e+00
8.290623457569181731e-01
1.609566807130841104e-01
2.004914809249223190e-03
1.215298627101077722e+00
1.216429410439913372e+00
1.476753134282643654e+00
2.260387622415848341e+00
2.265744043212812198e+00
1.249763588432888151e+00
2.418205304771704062e-03
1.481463894560055783e+00
1.067793564192543876e+01
1.210154164294485524e+00
1.285063958731922362e+00
1.255420394972931453e+00
1.247585710382118407e+00
1.261126886313875595e+00
1.249348156152462641e+00
2.418663883067764461e-03
9.434260036861270571e-01
1.307915158016116131e+00
2.390530125985314669e+00
3.100798283972961977e-01
1.095310606306854240e+01
8.450231213983708800e-01
8.757166246011274247e-01
1.256103495943762027e+00
1.046767608889975429e-03
1.145111458112078484e+00
1.518244931892412386e-03
1.175593851126312123e-01
9.606747329936170532e-01
1.281578347953564290e+00
4.109952678507214352e-02
1.111209372960941355e+00
2.433598861154224746e+00
1.367405341476687561e-03
2.190502946658117178e-01
1.248983113559565483e+00
1.156809786562619236e+00
1.352584234475190161e+00
6.399656746788957573e-01
1.073786735777561896e+00
1.222126632665186063e+00
3.043929915340812600e-03
9.761524642692631648e-01
8.488172639496858185e-01
1.257469203965417837e+00
3.580555355819681901e-02
1.672083581644702832e+00
4.283878488113027072e-03
1.077811124761989037e+00
2.735575870190488749e-03
1.265857984471655984e+00
2.129918129917468317e+00
1.031524499111125870e+00
1.403431702972111506e+00
7.078248059921013469e-02
7.332638803657920423e-02
1.000637578136450712e-01
1.160888893751195416e+00
2.563687211388174347e+00
1.218108047301483809e+00
1.086957441959369719e+00
1.446039990759928173e+00
6.761510579507874485e-01
1.947124125162588357e-03
2.084094880055372023e+00
7.815047575040330596e-02
1.075030631391627800e+01
3.456294217239683220e-04
1.153227979479297005e+00
6.055223985515605090e-03
4.450105635396034209e+00
2.313716429557724386e+00
1.395176331488160892e+00
2.999776798180847637e-01
1.441004181979877785e+00
1.256751216062510723e+00
8.246912393784971984e-01
1.215945124881951056e+00
9.245406072423571764e-03
2.248844900313874628e+00
1.146097067767874123e+00
1.236419939548713653e+00
2.088224466873447524e-03
1.200801143882193722e+00
1.022498329537321204e+01
1.372241733765035887e+00
1.204383038113253868e+00
3.023134152747885758e-03
1.147998732258587395e+00
1.266082734097698559e+00
2.505862259783218970e+00
1.191774837903715634e+00
1.673948450485975625e+00
7.397440341125857133e-01
3.333503159888056427e-02
1.434559739670953071e+00
1.203710953520416460e+00
8.190408315311629994e-02
1.387040628757555627e+00
3.246484539306859762e-02
4.222860761477156832e-02
1.217420685650544065e+00
5.638492586544762569e-03
1.235718829159770715e+00
1.374898565320753718e+00
1.292390173992614022e+00
1.034951113909209575e+00
1.194482772689115624e+00
1.308307236391234696e+00
1.241015758178916073e+00
1.236745837610672138e+00
7.230487007291195312e-01
1.394389887647676129e+00
1.671070044624356210e-01
1.310158929217288382e+00
1.221423056890802439e+00
1.372815659961976076e+00
8.510850190134902973e-03
1.395549786003054349e+00
1.204311410481385236e+00
1.212199688326180080e+00
1.342667315823263263e-01
1.600934848890812334e-01
1.266248110000886884e+00
1.250855047060967840e+00
1.698836636487288665e-03
4.337605539365185781e-03
7.461251099713132051e-01
9.557489939328924766e-01
1.459799194770876850e-03
7.280047190372949603e-04
1.418209706318732000e+00
1.394912215598857141e+00
8.211174472234658017e-01
3.658152002860787233e-02
5.213552355132301808e-02
2.035700746478992684e+00
1.216466692733030985e+00
1.134818531711364153e+00
9.165293575580760188e-02
1.390842980327111622e+00
1.219421903407137547e-01
1.337190376725378771e+00
1.658254398001093755e+00
1.302106611377565448e+00
3.214131988118955063e-01
1.044435888023651166e-03
2.957926674411547399e-02
1.319382346353769497e+00
1.428306796924938782e+00
1.176075856132955622e+00
1.188501751528354689e+00
1.150728172745383748e+00
1.417327054862930646e+00
2.116103575042920681e+00
1.214674418406444412e+00
1.396912917103244833e+00
1.302763526061391008e+00
4.673274930720769382e-03
1.170607043783264078e+00
3.389812680008956469e-02
4.547558754986564811e-01
1.206907223111890248e+00
9.386657684735316698e-03
7.816565225528795402e-01
1.242071445740877689e+00
1.195682883352024328e+00
1.424422342130347019e+00
3.969216966938960561e-02
6.676168930684514002e-01
1.264825619831973391e+00
1.125676124802408751e+00
1.370589002327358807e+00
1.185939969495651836e+00
1.344723926431020677e+00
4.343636086928549106e-03
1.310582011496905119e+00
1.396147798332361412e-01
1.395647975138111452e+00
4.528580419236168109e-02
1.061135327670606143e+00
5.365472083232294270e-02
1.454370093486354043e-03
7.150769169357432675e-01
1.219729984522418320e+00
1.193761975601796310e+00
1.282791373317817119e+00
1.213039983940539468e+00
9.118523708150669815e-01
5.460107296078122591e-03
8.337309858166972454e-01
8.136039306613618294e-01
3.347080190514776371e-03
2.032846089616305640e+00
1.650568989352219074e-01
2.345518947836756851e+00
2.924952533102298177e-04
8.043953302876581946e-01
2.369021151169072720e-03
1.800031183178152583e+00
1.939166464845217819e+00
1.356488448250572132e+00
8.835789823047809910e-02
1.385590485814983008e+00
8.543003216532056854e-01
8.255757892350094052e-01
1.228307174130288892e+00
1.381607398068844805e+00
8.647876848936582039e-01
1.085417129037565820e+00
1.188503320085885218e+00
1.205261969503661934e+00
1.408747038823938286e-02
1.387130808984482266e+00
1.260261781182554941e+00
4.380130497744053053e-02
7.484925767030030652e-01
1.063262255811940271e+01
1.409678093916947317e+00
7.346192414114366409e-01
2.645439948398818686e+00
1.351209054002746157e+00
2.339342934507443114e-03
1.197862633238685026e+00
7.469028989377407557e-02
1.456406997911034340e+00
4.867097819587284935e-02
1.227184948309056667e+00
7.959230336250622262e-01
1.221856710367100529e+00
1.239432655463394983e-01
1.364531385235648875e+00
3.396492683149557323e-02
1.221979086683973481e+00
1.145738308505352965e+00
8.733279331407965973e-01
1.180850168887075391e+00
1.203840372759101829e+00
1.441533979418168146e-03
1.159866733535639183e+00
3.407393493372243287e-02
8.981741088869401590e-01
1.106764279991860445e+00
4.924632301995853639e-04
1.265206615681069957e+00
4.544677126640132847e-03
1.294583946120961393e+00
1.006370918177959206e+00
9.515385060638986703e-01
1.463992570560622708e+00
8.067718754010224647e-01
2.478552861106389504e-03
6.466262715122164106e-01
1.305394101231457604e+00
1.784044998120005721e+00
1.222579186429413767e+00
1.454718854154618324e+00
8.552249888864899702e-04
1.336257933136933973e+00
1.234435860069434732e+00
4.740493448365516033e-02
5.442598945152515161e-03
5.135436245061880678e-03
1.158464630869062928e+00
7.797002471460876549e-01
1.094557646111389726e+00
5.345365473771724468e-03
1.398666776868545458e+00
4.501604220189446559e-02
1.380278585476566899e+00
9.759573222168315548e-03
1.490582381963532876e+00
7.595848434520036108e-01
5.777695135851977030e-04
1.135215713127593062e+00
1.907958254713257862e+00
1.222055181269500634e+00
1.347566580153308768e+00
1.330773656616085487e+00
1.272624330844786433e+00
1.302979484092408491e+00
1.267294245215258242e+00
1.227793051482474862e+00
1.183572094552360676e+00
9.752603742186964908e-01
4.833784071542471944e-02
1.521628466041619610e-01
1.125238335019500685e-01
1.262322062259960825e-03
1.655530480402809035e+00
9.830829624056192984e+00
1.362265255253976237e+00
7.006376460588777111e-02
2.883489654635262162e-03
1.242785834645565579e+00
1.193379426880746941e+00
4.515211488867272929e-03
1.002870390022951774e+01
5.798544192395862357e-02
1.305167321337938446e+00
8.506107373918698755e-01
4.416041048210537015e-04
8.418539471244316230e-01
1.206701382399717248e+00
1.401407353515509380e+00
1.165197679823136934e+00
1.358440526870620557e+00
2.115249890810788180e+00
1.297635835830801776e+00
1.244616288443059382e+00
9.511407465792697247e-01
7.377546771794861735e-01
2.346088371732927946e+00
1.156606287951291723e+00
1.094574636729244987e-01
1.132909185574872302e+00
1.419542008308831482e+00
5.961850268088061608e-03
6.144608050519705100e-02
1.339223022604995705e+00
2.966156040357651250e-02
1.280027441796131926e+00
1.064262055447209532e+00
1.168764904651803382e+00
1.516384213434619765e-03
1.320187274364955643e+00
7.921219679559723392e-01
2.240480470217767056e-03
9.866899040676690991e-02
1.243069189682169062e+00
1.184026562921063119e+00
1.477571055972002778e+00
1.320920612830365215e+00
7.310212909595151798e-01
1.317842777343121830e+00
1.952843524002962683e+00
2.355254849117386848e-04
2.343607178847215838e-02
3.433959071717510719e-02
1.261877963639909339e+00
9.068846523470526222e-01
4.846907232782350916e-01
8.702597830907207732e-02
4.294673046389081705e-02
8.446498638752064636e-02
6.331276446785792655e-02
1.232905017355009791e+00
1.950509213151997365e-03
1.244769738740232556e+00
6.749605146673023220e-04
1.189069841301677366e+00
6.540182935424798671e-01
1.393808647220314167e+00
1.773251780517534737e+00
3.242878734330068013e-02
9.499318763064016125e+00
1.155568131968979922e-01
1.249972790137518830e+00
4.464826209485738689e-02
1.362343899284183202e+00
1.364670218757601194e+00
1.108520577411645114e+00
3.539070492381903715e-02
6.215241283160914676e-03
1.283004287423862744e+00
1.232373532491188861e+00
4.256336813671839428e-04
2.571124060339756046e+00
1.266597229950183312e+00
1.076380341362049187e+01
6.840012903027927749e-01
1.292428685434575897e+00
5.714007960729221569e-01
1.143186699299734599e+00
1.158719304158947194e+00
2.289626192128451532e+00
1.133791595527299689e+00
1.060780401927400085e+00
8.042394084561124146e-01
1.156207018888757432e+00
1.240196950951522936e+00
3.960737616908066583e-02
1.202846907527597153e+00
1.327689358687007104e+00
1.189604087195122339e+00
1.383516152580314573e+00
1.205442312528720805e+00
5.044116509033062627e-04
7.301546300207221174e-01
1.252947222640062197e+00
2.605041197480962856e-01
8.535608946351261883e-01
8.921341495589307780e-01
4.437511694655333488e-02
1.174919623019733850e+00
1.216828228057339922e+00
1.203387936202456876e+00
9.223370261606465004e-01
1.266485430054711037e+00
1.097156069021675684e+01
6.177318979792090214e-02
2.681285908252045019e-03
8.339102496536968667e-01
2.739141146845140012e-02
1.191452166359947773e+00
1.293385864023533616e+00
9.947185812324185861e+00
2.380333031627558660e-02
4.175476776732790080e-03
1.972524162916887480e+00
1.973081107788608124e+00
1.191436068039076757e+00
5.050843729474730620e-02
1.280818985533892507e+00
7.184589602697521137e-04
3.174484521570344886e-02
1.230625898113910655e+00
1.125308826699899623e+00
1.230736841762176091e-03
6.667665636928131467e-02
1.261277312512371518e+00
4.337221379798913284e-03
6.721949003628145958e-01
2.345862119882925409e-03
1.273980488207500983e+00
1.211581563216517665e+00
8.239858187307595727e-04
1.274929500432570695e+00
1.280025026167444402e+00
8.641243995061095862e-04
9.478922368703609491e-01
1.318924655179011252e+00
1.324975634054843976e+00
2.489900421936815711e+00
6.910405937789471098e-01
1.293575257736985673e+00
1.271640902447149557e+00
1.204554209678800003e+00
1.841101433522026376e+00
2.435666960150628321e-02
1.203123185950335072e+00
9.060888201961702082e-01
1.208095705925651187e+00
1.218447672716692853e+00
6.123229955373704625e-02
1.072386369007276574e+00
2.498125401202764828e-01
1.197124442064722905e+00
1.491994914079202983e-01
1.160885736749358799e+00
1.109214544060571406e+01
6.696888009711070566e-01
1.264468930198787255e+00
1.754798689090338204e+00
7.508142905027840319e-01
8.283013745645312342e-02
1.669965483112897386e+00
1.404539694608282874e+00
4.324582043438104373e-01
2.008820294118033534e+00
9.675301347378932881e-01
1.098795630057917805e+00
8.118880653530285985e-02
1.234573068047568833e+00
5.434359561605484057e-03
1.152405367321540419e+00
9.766665317880379504e+00
1.196059409582866717e+00
1.254357315760523629e-03
6.337484778481011771e-01
1.141310147418591603e+00
1.035132967748570755e-03
1.258644979605867853e+00
9.405292495763319494e+00
2.510550506789542557e-02
7.787888003897106004e-02
9.479037811959782622e-02
8.603352788669260676e-01
1.153780866905524283e+00
1.171787682173739853e+00
2.024191193233374264e+00
1.253434172616412878e+00
1.053791285988720655e-03
1.262506874556355019e+00
3.157451443060729085e-03
4.392936783631762321e-02
1.404892397750596267e+00
2.330315410857364614e-02
8.775659882606211964e-04
1.348440629682540859e+00
1.290394044629401327e+00
1.233764174017227155e+00
5.468872850877205122e-03
1.275083476265707283e+00
1.174312547520751870e+00
1.210708908677977869e+00
1.370070598712786358e+00
3.436022117073106799e-03
6.491003113625785914e-02
3.339570860824092602e-03
8.739939763109980664e-01
1.214324897922024027e+00
5.049828253961136104e-03
1.113025757315383668e+00
1.068294121785521078e+01
1.343640436609104018e-03
1.122833447448021937e+00
1.244152320699678516e+00
1.407154505632538966e+00
7.941218481803496987e-02
9.878566811546002358e-04
5.148491877089787783e-02
6.102048728202518792e-04
4.557099144825733916e-02
7.707434168828715126e-01
6.024128530450198471e-02
5.963107901731142663e-02
1.222020921356517853e+00
4.759206678836580551e-02
9.952204887047483295e-02
7.214161573390408906e-05
2.680558524988286173e+00
1.100370038477985535e+00
4.111037900078284152e-03
1.053766133427683993e+00
3.755259259020994334e-01
9.102898716840908122e-01
4.830927241784140069e-03
5.779596169584517718e-01
1.125027639033939098e+00
1.223600663240297370e+00
1.569823236735823579e+00
1.780235077650143063e-03
1.196511292126026138e+00
1.192179459598407210e+00
1.217065086233702284e-03
1.289000984091961843e+00
2.522506396812595683e-03
5.222625797825550253e-03
1.194462526634901156e+00
1.294968448770048797e+00
1.035704351813162205e+01
2.810802564488090738e+00
1.278177892231569857e+00
1.234423777059576510e+00
4.077352448256477135e-02
3.909456849586514376e-03
1.304548233899138099e+00
7.521999841064291870e-01
2.158930089353645887e-03
1.048463922648265600e-02
7.086568320436414936e-01
1.041512467350976575e-04
4.030285542657413567e-03
1.298541135674045499e+00
4.413242607666288675e-02
8.127576020494573505e-01
2.376918457125582140e+00
1.084634384737639179e+00
1.329765980367627831e+00
1.266129852272720235e+00
1.813862926269341092e+00
1.206321761147542082e+00
1.195643920615595324e+00
1.384792208335143160e+00
1.232655270643825185e+00
1.218772443226687319e+00
1.129562958885821589e+00
1.219333697084291845e+00
1.241884585517992523e+00
1.007194077912860530e+00
2.571601002194914137e-03
9.091233254298622390e-02
6.316707517434849706e-03
1.182534986524609311e+00
1.345167505464454072e+00
1.282645269790359421e+00
1.248875348060335400e+00
1.359518620074281481e+00
7.578253905015149838e-01
8.266585316963851460e-01
6.256653966224519706e-04
1.237315590253993403e+00
1.097811276991495388e+00
1.291639728803479992e+00
1.304122273872116988e+00
