2.615575775522043477e-04
7.245204949546587289e-04
1.070789491099819607e-03
1.168479739102347079e-03
1.212557461471285958e+00
6.728283065482228847e-04
6.421561457082774300e-04
4.083607904179239328e-02
8.816318547394670802e+00
2.617502905012116313e-03
2.837723841830006206e-03
7.456436359399524344e-05
6.986966426689531634e-04
4.310135756158660087e-05
3.342756031145199813e-02
2.450492058096719050e-01
1.760545788203751044e-03
1.546060158654057048e-03
9.814848178620785291e+00
1.034718885675357747e+01
9.999365541009391123e+00
5.103999504190467711e-05
6.251285750437460959e-04
7.047234879100413435e-04
9.890069107107426691e-04
3.241550790641697238e-02
4.757299296109534885e-03
6.985227294566400888e-04
1.047068589548565956e-03
1.931277266652431379e-04
1.028330437571211675e+00
2.422719804921970484e-04
6.340707111913294934e-04
7.072512427371822376e-04
1.204518039802001450e+00
1.015255877478272595e+01
1.703089804985057909e-01
1.809872166221623835e-03
3.481099581205190224e-02
1.239924995250595366e-03
2.324587953062537515e+00
1.940260682250557339e-04
9.425318557745848008e-04
4.579790435587857700e-04
1.105745592074992324e-03
1.268823082051895978e+00
5.457006454959072508e-04
1.049717390206263623e+01
2.680388783748215431e-01
4.110339602485177379e-04
1.301087712553930173e-03
6.116385701515842169e-05
1.170464639071503887e+00
1.823983885701364459e-04
6.174049327773253231e-04
1.360161391190124053e-03
6.380794442037993411e-05
2.051241559454233462e-04
3.799988633275457051e-03
7.578674510688851104e-04
2.116296694631984027e-03
1.311884615802524565e-03
3.879771180650697267e-04
3.415559237425203065e-04
1.814531735192196488e-04
8.813892495363635782e-04
1.959477164066834171e-03
1.095017944278860966e+01
2.216782120199878303e-03
3.214589562932988320e-03
1.715901598029628133e-03
9.071645469398378347e-01
2.811586381809842022e-03
2.467316282287553619e+00
9.886042702551296746e-02
3.705027312869628268e-04
2.063291695508078297e-03
6.263192141601874041e-02
4.984493305988032391e-02
9.425307104585840534e+00
9.427220219682455864e-05
9.410140083101019553e-04
1.261132982277942016e+00
2.896769771291870209e-04
7.579063045292187134e-04
2.668237386914355108e-03
2.399396734430887523e+00
5.201144840327005456e-03
9.574314311235092134e+00
2.747111672401986518e-03
9.789713310539558712e-04
6.045631259010298547e-04
8.008184652755368643e-04
1.432939650354231017e-03
9.478781795999440263e-01
8.900281800689183913e-04
1.793155706949053820e-04
4.721124716903602608e-03
4.061047180486225538e-02
1.324580518482091143e-04
1.339868657461729784e+00
4.558641203469869854e-05
1.210446124980521163e-04
1.195080068694006487e-03
1.846984773748018647e-04
2.841022024615818403e-04
1.401552829049238901e-03
4.388189496722134653e-01
4.082085556884425537e-01
1.622639231978343644e-01
2.183051286643979474e-04
2.400874913974484961e-04
1.363111443189202410e+00
5.739408534172918408e-01
1.369536409879248788e-03
6.857903831988142922e-04
9.949007946974866012e-01
5.119269503022716656e-04
4.778110095252589146e-04
9.877210925546778597e+00
9.110901560408866257e-04
6.998893818324410793e-04
9.906597450177510922e+00
2.468159061014309208e-04
1.065186642783126914e+00
4.767945470378123773e-01
2.698564974615222378e-04
1.053753435376121594e-03
1.649052177289177072e-04
3.405760844635927903e-04
1.041621418536198490e-03
7.205080875728785486e-04
1.010446603464608267e-01
2.243835232484728270e-01
1.700528500056360014e-03
1.663990278164973358e+00
8.447272562821804553e-02
1.054800566771054937e+00
1.731130573942962596e-04
2.627872026726880104e-03
9.303781289930741494e+00
1.796793589931268420e-03
2.570801450770281073e-05
3.578773127595868270e-02
6.492336856940496455e-04
1.585567348623664191e-03
7.751926381454335435e-02
5.796327103637349126e-04
9.278668177974093823e+00
5.622167702986485827e-05
1.530657892574388470e-03
4.703957521666032242e-04
3.279343556429115125e-03
9.911630315833185989e+00
6.152609122313922319e-01
5.388644596089726957e-02
8.182806574091715940e-04
4.084126642378427957e-02
2.200017843923510880e-02
2.979560434162478559e-04
4.587537431777093805e-02
1.467303611576748976e-03
1.154007622704037672e+00
1.625915434694092700e-03
5.508613005070737978e-04
4.007703745391639517e-04
9.366159289413247269e-01
1.224352114268988101e-03
9.216655204223721948e-04
1.665131060278140840e+00
3.985714583088269952e-04
2.720058730237310748e-03
1.215393602617790725e+00
4.700234296680631807e-02
1.142777664378593142e-03
4.264456989564319178e-02
3.088171103224580591e-04
2.585867168138382063e-03
2.041653072124118354e-03
3.584732738156578558e-01
9.607737146502004499e-01
4.222457660710977889e-02
9.265654634400544154e-04
1.077147888183733679e-03
1.373110393143111896e+00
5.565309682265366653e-04
1.268738472602210510e-01
8.083832995767169238e-04
6.863737240436849213e-04
1.474220968778272058e-03
1.810106783609597911e-03
2.797056497070247311e-02
1.857431997410322402e-04
7.382218960679030884e-02
1.577177478901080065e-01
1.343162042529803646e+00
1.848455119504922167e-03
9.107016838390959990e-01
4.010284988740053791e-02
1.746674127698417955e-03
5.415910822042278123e-04
1.875904866237183832e-04
1.727447236852477364e-01
6.625395954778991181e-02
9.773589707551627592e-01
2.427036294046128195e-03
9.829938634496483002e-04
4.078530725824515424e-03
2.701371197527526191e-01
1.245019239871159381e-04
1.230358591151518768e-03
9.431744656746348862e-04
2.249091582117720284e-03
9.872531606504378332e-04
5.600890527270228209e-02
7.882108255676463671e+00
4.703666962120071071e-01
5.579982422030480699e-04
4.044897688772855797e-04
8.164509045062670091e-04
1.047025364333318720e+00
1.114190637065567979e-03
3.643839747440182075e-02
9.956459782066279240e-02
9.745085652625469663e+00
6.037103694327027731e-02
1.023206798090408709e+00
6.032906058992062309e-03
2.420078936301902073e-01
8.965145959963140981e-04
5.497144361439991467e-04
7.642832808551122117e-04
1.472144039449176448e-03
3.834449724140515797e-02
1.899001027326511701e-04
1.003110910161369301e-01
6.447036975258356450e-04
3.807602909930144636e-02
2.518922776518500370e-03
1.099096980204964935e-01
1.100164679944680923e+00
2.852189046635587952e-03
6.384374550801336784e-04
8.371287117410415634e-04
8.046491547825547746e-04
1.204816037974445683e-03
3.868553996637840234e-04
9.981507171250743049e-01
8.630520923565421221e-04
9.269368668691253532e+00
2.169366872116456138e-03
6.726546014916203603e-04
7.032504696894165824e-04
2.429787421653054752e-02
1.140800099747524554e-01
1.776599789137648690e-03
6.487426305015125960e-02
1.595647462431036279e-01
2.065418899554466794e-03
1.896107400439483309e-02
9.578847445763615243e-01
2.976889194479089007e-03
7.954763599258250772e-04
1.268057205904178142e+00
6.782816477925637799e-02
2.833681629438824026e-02
9.592967376549821346e-01
8.424741280475735866e-04
1.255625678511772605e-03
1.610115262780505759e-03
4.621734282380597809e-04
8.490630925197604605e-04
5.310320393588346261e-04
3.434457460379358035e-04
2.150559612232075604e-02
1.558028655769396614e-03
1.485074337394285543e-03
4.599304451211331385e-02
6.830153794628074371e-01
6.240288296590172645e-04
2.068918401207224013e-04
3.806670132480032866e-05
4.791298100297308044e-04
8.280462621541896662e-04
6.843678683390033712e-02
3.340907889502113624e-05
6.219013265652108616e-04
8.401004001598811888e-01
1.177780341360673902e-03
2.197565314115408786e+00
1.809964248084917349e-01
3.682507897990387573e-04
8.828934525660688593e+00
6.119222945302688673e-04
3.490737907691523340e-03
6.615312012466737640e-04
2.475347280801552530e-01
1.528735695818884965e-03
1.715880869204832598e-03
1.843759482665466992e-03
9.864584750390035239e-01
3.764841868894521111e-04
7.671055153031602989e-04
1.743242956111723096e-03
6.056939456984392935e-04
1.795943030695449152e-03
1.047237737337390939e+01
6.254060221887586517e-04
1.488847916233191487e-03
8.045348591714898689e-02
5.161259641498928269e-04
2.296647723803173398e-04
1.183570569757880664e+00
9.807936542634729804e+00
1.096286276324404466e-03
1.471865148168899611e-04
7.931857118188938294e-04
1.186011006531519085e-04
8.244138152801124164e+00
2.459591962181194649e-04
8.844590617011498148e-04
2.308629193433088533e-03
3.735015771977904728e-04
2.417847666951313673e-02
1.358217944180859060e+00
2.475116390476652176e-04
1.187754752892788312e+00
4.016860131075177323e-05
1.484888463641423177e-03
1.225950606135911558e+00
1.515856460247263782e-01
2.275898619812637136e-03
5.549996288001997650e-04
9.847768386276339214e+00
1.046535481101864423e-03
2.426470941703518132e-03
7.877034335940771501e-04
1.209494393351846732e-03
4.329802223314257494e-03
2.003515665794220801e+00
1.933493670556279444e-03
2.426512437461574370e-03
4.434066864663497448e-03
4.260490606446286008e-04
9.380571416527764939e+00
1.292676965833211788e+00
9.941676847281582852e+00
1.711746138345833154e-03
9.707414768612594724e-04
8.864235822910807028e-04
1.143831601635549644e+00
9.153120951889318846e+00
2.526545531655747800e-01
2.874549765754419624e-04
2.566883516366105095e-03
6.024537343927680727e-02
2.639549100915605448e-03
7.633355757067344233e-04
1.726367536185952761e-03
2.905307507833796918e-04
6.478996140433951334e-01
7.044817796670306276e-01
6.172759359483265956e-02
3.063422523692585497e-03
2.575761319465431302e-04
3.652178698475751911e-04
1.410789688824709044e-03
1.699812515689836517e-03
1.544939293736821489e-03
1.902670673367559597e-03
3.327922166372832696e-03
1.048347833656006894e-01
1.442847245523380412e-03
1.273385204004337003e-03
1.759408963234136536e+00
1.306172295543427814e-03
1.129247804516679944e-03
3.470321526333912171e-04
3.925817785037557378e-02
5.925667303546327744e-04
1.118365404650672357e+00
8.535810910363602622e-01
1.346659782733515387e+00
1.532254177916936647e-03
8.782169121070951701e-04
1.128648227861088829e-03
2.121225283757592964e-04
9.492495266343044073e-04
2.351420621014168877e-01
1.912764157490530123e-04
1.948943744578819463e-03
2.805799077472546053e-03
3.435034832142786973e-04
2.576766081437360523e-01
5.304881215559358563e-04
7.893840956119078933e-04
1.226846293511415942e+00
1.013110261163645623e-03
1.994660063346289924e-01
3.878248600036103555e-02
1.152273484700217995e-05
3.305786457117486019e-04
1.825418912317160712e-04
2.252940295531195153e-03
1.872319793625207979e-03
7.976647202979938456e-01
1.490562626949213154e+00
5.852825909268397075e-02
1.645315650202915370e-01
9.781131603871688895e-01
2.276522678882966777e-04
4.205345226321999252e-01
2.538522301626278677e-01
2.070285090359806277e-02
1.805693733218239477e-02
5.901257673122392924e-04
5.291487439011491323e-02
1.338893065094980475e-03
7.722348063101385218e-01
5.034731565423840316e-04
3.862834993492955671e-02
1.871233477894278761e-05
8.176911676337240920e+00
9.276094442335685031e+00
1.643491552016934296e-03
3.104664240109034079e-02
1.245142136167813650e-03
1.308212367408075755e-03
8.390846029148383067e+00
4.290965944746246569e-02
1.702667436459656333e-04
8.312950911235636800e-05
6.305023854615756512e-04
1.033343327570065417e+00
1.481772953523699421e+00
1.910974814048333262e-03
2.007437382345092156e-03
3.318313001880195123e-02
1.441113541936231077e-03
1.864968856922544910e-03
1.171886562104806684e+00
8.718353402816392955e-04
5.816523440952568388e-04
6.980845730092215262e-04
1.048870691848556667e-03
8.613044272046972011e-04
1.169634069755559391e+00
8.416723083945639061e+00
7.676782500529400963e-04
2.251017730462475351e-03
1.697680856987800191e-03
1.675678300479830143e-03
6.464890277965828352e-04
6.508559159234886260e-04
1.060775637510905089e-03
8.392254599257154349e-04
1.523878531435058248e+00
3.236735559668714457e-02
1.761942610342515092e-03
6.513596264845697426e-04
9.653576574199167482e+00
1.158605485113012312e-03
1.622678621070565153e-01
3.945372507082372995e-04
8.804525254186607031e-02
3.798080082260124613e-04
7.259380662610441515e-04
1.450783691952474246e-03
2.114760275937493939e-02
1.371222459832335469e-03
1.012146172935191268e+00
1.239910659043260033e+00
1.042052484546795377e+01
1.243799537573185149e-01
1.947865267450461096e-03
1.395055001777377290e+00
1.213624416036314293e-03
1.237052933884867645e-03
8.072640135525829264e-01
4.387221082765774272e-02
5.973447274997536680e-04
1.468084625604831606e-01
7.327418184810662038e-04
3.732741806061354306e-02
8.420499987053101706e-04
4.604392552044023895e-02
1.098788696301760022e-03
4.624068800533742002e-04
5.243025775580784087e-02
1.215721670957809059e-01
2.445474793106580669e-01
4.844841855857127955e-02
1.115277634521051608e-03
2.636961665115843644e-03
1.104548828027172719e-01
9.500520325387866102e-04
1.962923674813127350e-03
1.691620060566900036e-03
1.960933210977855619e-04
3.850668065207031587e-02
4.056703400509632015e-04
1.018323482800768787e+00
9.212242022186729606e-01
2.153123276351976735e-03
1.194321233974829019e-03
1.452212957391504650e-04
1.311642830581868924e-03
3.977857584182301759e-02
2.977530225619832299e-02
7.671984196731138184e+00
1.938768306321617813e-03
3.004515455525221847e-03
1.155785293452676540e-03
1.080543757843532501e-03
4.413977926288932194e-03
4.085181458372551082e-04
1.668000158307697892e-04
3.005110738241791339e-04
2.256550644308703141e-03
2.193328796567522911e-03
3.313606599483597502e-03
2.133167387994556671e-03
8.840171874766409449e-04
1.357789029984929341e-03
3.945971602752700556e-04
1.016581875360146903e+01
3.003576475810680775e-03
8.405712343434000644e+00
2.368360844586410701e-04
4.117253791672616930e-02
2.379320510896889770e-03
7.136601222104809600e-04
9.770073977197425208e+00
1.250463194541350312e-03
4.889896242823267916e-04
1.336360727438591134e+00
4.704536911043386005e-02
5.247681077785504994e-02
2.452636688662596792e-02
1.449033048773282484e-01
5.111218588175557142e-04
1.030253635845214226e-03
3.275051829488753036e-04
5.327644073077472328e-04
3.902415829377761138e-04
9.947235090831650695e+00
2.938007617019087591e-03
1.205253999871510120e-03
5.480279792470871270e-02
1.771324609739889774e-03
3.507573852028275652e-01
1.548423660624183339e-03
1.824925357462820440e-03
1.193769012277969346e-03
2.148587628468727126e-03
7.419254194914297329e-02
3.245545381539399754e-01
1.299995351069585699e-03
2.479184854499646984e-04
2.695997144240656201e-03
1.095640767615473354e+00
5.693464036692179320e-04
1.587806745969421417e-03
3.705089210198795821e-03
8.870511306383395578e+00
8.768368926631247007e-01
9.333560811258609369e-02
5.758994802645919266e-04
8.079313039538876806e-04
1.464641329194593059e-04
9.675219983834631776e+00
9.169080841142003280e+00
8.465190064960324889e+00
1.576483485210102176e+00
2.718822339977142871e-03
8.048484377393678724e-01
1.036557192300646343e-03
8.092197606415485467e-02
3.383431472976722310e-02
7.648154710662803168e+00
6.322167438911805402e-04
3.919305003059628603e-04
7.722244990799630171e-02
2.875585399255904673e-02
1.767698523743056749e-01
3.549724407023420805e-03
1.884706397970992847e-03
1.592668273755271924e-01
2.801754961886131559e-03
1.095411507522728867e+00
1.678173102362761314e-03
1.023028470520466818e-03
8.405658252384878848e-02
2.897237562951271092e-03
1.236482037923000363e-03
4.347062966690001806e-02
1.508924212821102350e-03
7.702138076907245889e-02
2.477376791546425649e-01
9.953648837764533797e-04
6.354194071773958813e-04
1.657923604534011774e-03
8.863421808437578209e-01
2.502654587036712633e-03
1.937275149886296538e-03
8.037671021070434598e-04
1.120229840836559493e-01
9.279765951396358403e+00
9.473025077938993732e+00
1.900544253056257071e+00
3.668594113988080108e-03
1.030166448449317505e-03
4.385609129885209567e-02
1.203454016196308469e-03
5.721758553485084553e-02
9.737263549802147727e-04
1.210967613236903608e-03
1.615897979678158736e+00
3.291749046227667591e-03
1.000306707036329179e+01
9.378858932400671589e-02
8.503166025128168146e-04
8.167048073895229882e-04
3.999055300518812583e-03
1.998205253676467452e-01
2.257155539371726374e-04
7.491581608269652290e-04
1.239195552746161569e-03
1.749083784147613396e-03
1.298781957766430989e-03
1.333734412651860435e+00
3.065867026290575517e-05
4.377509501615760301e-02
2.781738105796421195e-02
7.572999716752367716e-01
2.229735127383874679e-02
1.868798555685002860e-03
9.317785612249910088e+00
2.185315036104855391e-02
5.248809257320746855e-04
7.496736461273158930e-04
2.595344148204198342e-04
9.826108486921512508e+00
2.866877141736818776e-04
5.260970378928726517e-04
8.338008570505728648e-04
1.769235828530570931e-01
2.583437309493959166e-04
1.139755045116155774e+00
3.048022539061625777e-02
9.279075084635509674e-01
1.892435170505936348e+00
5.658067238362124440e-02
5.382280087379345823e-02
8.573657736362200188e-02
1.381004933691826891e-04
1.388339264872993306e+00
3.350433271137892577e-02
1.843687219912278378e-03
9.789057801227325939e+00
4.508280305156091988e-02
6.421749026032548546e-04
1.755298748442728554e-03
6.472970582230962860e-04
1.513017806471444494e-03
3.738307873807464432e+00
4.941099556244423797e-04
1.005038491198518891e+01
1.428175958337706344e-03
6.697422217507957576e-04
1.063975020438097819e-03
1.177059348086765267e+00
9.207531295800418292e+00
7.426652821461822776e-04
3.833143462481768821e-04
1.723878395569562738e-01
9.387362712823168337e-04
1.107782184743725390e-03
1.052298974409541454e+00
6.564481971614369304e-04
4.131482485187644160e-01
1.569787809179540652e-03
1.355251918716797066e+00
9.457307751194881096e-01
9.193469405179944820e-01
6.790638206093067841e-04
8.101985183312657504e-04
1.168469820131790710e-03
4.429062014675196057e-04
1.875223341086706920e-03
8.923499581137545045e-02
1.490092478056117276e-01
2.438204411292096540e-03
9.328701040400939545e-04
5.140426286532843309e-02
7.975121989588913607e-01
6.197056670650747442e-04
3.785695525764581557e-04
2.014200271934916270e-03
3.608914098993869918e-02
6.995846640963287663e-04
3.811925862477267418e-03
7.180076827867148612e-04
9.109509431819008185e+00
9.260516871709499175e-04
1.317557276534715993e-01
1.116643052624130217e+00
1.311507341096591617e-01
4.365814682262070603e-04
7.118902024333007894e+00
9.559324774892664911e-04
3.362558451968150272e-04
1.726487692133711963e-03
2.560917170070677873e-01
2.882511398310418083e-02
4.281265131941429380e-02
1.130838134989694987e+00
8.939822970644040884e-04
8.385834483631683156e+00
6.349686935721954306e-02
2.536393057257068945e-03
1.020941435742040576e-03
1.961688804098696108e-04
1.566085286741227163e-03
5.325008735918644598e-02
8.128501537164492356e-04
3.430452772780692369e-03
1.578477636441704898e-03
5.144076741052383550e-04
1.400281103789518394e-03
7.332377223263317756e-01
2.499117140792787503e-03
1.141541114800076820e-03
1.404085724893948482e-03
6.100421682606941287e-01
1.792433123738124091e-03
1.107035379471438784e-03
5.571856208051772022e-04
1.105021949842611484e+00
7.952284278228000103e-04
2.914223928252286742e-04
2.695976568302107731e-04
2.196571600750208894e-02
1.505689532877543466e-03
4.909707365652110286e-04
1.206328227135112369e-03
1.059867057846580751e-01
9.089859551124727932e-04
1.265229908405550961e-03
1.358031944525173781e-03
5.304886629558902555e-02
5.145564478185988243e-04
1.352574099920201937e-03
1.511861653556228211e-03
6.818098765116239329e-04
4.069759187120478017e-03
9.861617600523606697e+00
2.788531058005075391e-01
1.204227480323804417e-01
1.723654165156117760e-03
2.864620085892786300e-02
1.114143835767912941e-03
4.511019010192988607e-04
1.400632011365440452e-03
1.209901240537035738e+00
1.129678578224506902e+00
1.470572157031242028e-03
1.249202335352970206e+00
8.462243765497305503e+00
2.049179869519652392e-04
1.095398509827949507e+00
1.219371246369843273e-03
7.445417506170850519e-01
4.379877035148841205e-03
3.732088592171122626e-04
3.495169653973385415e+00
4.425406815900944507e-02
1.159026008913341052e-03
5.121194141730891353e-02
1.878889607419560737e-03
5.063797855291022124e-04
1.471802450649952170e-04
7.784054868446507736e-04
8.534577294583977070e-01
2.964396719774023588e-03
1.323069020469848540e-03
9.121553492959820486e-02
7.634819229738120105e-01
2.132887925834702214e-01
8.909380004179076051e-01
2.239418349942956868e-02
1.299882841524326168e-03
1.600860541626739075e-03
2.580196728210440611e-04
6.212140295563731152e-04
3.003758280593851054e-02
9.881019974114455096e+00
1.293498827113853666e-03
6.372366993074637248e-04
2.590883212179212469e-01
1.526239573598563160e-03
1.297290374800537993e+00
7.962838436045337476e-01
7.004659070856799480e-04
1.914426909450309688e-01
7.792177149238493916e-02
1.625089296492120486e-03
1.050017431716330885e+00
1.343326633919030705e-03
4.292672300214466549e-04
8.388044639323773310e+00
1.457264850337701076e-03
4.536306862986415334e-03
3.249496579488815595e-03
1.004975598371516364e-04
1.018399868839180122e+01
2.587994035608952997e-04
1.150228458620215473e-03
6.585657432933520600e-04
5.192891048791904371e-04
9.378150160644894484e+00
8.674788669765111093e-01
8.677586756724378625e-04
1.444689723169105822e+00
5.521686441499083428e-05
9.161372424870990044e-04
1.020602375464946476e+01
4.074340402204993522e-02
3.909123967103470682e-02
3.783566907433056140e-03
3.716181994691328261e-05
7.540089573239600051e-01
5.825566511298735373e-02
1.046369544413151831e-03
3.073405309495626583e-04
1.873193141632787523e-03
2.119881333928734166e-03
1.310325283547817809e-03
3.490643858296829313e-04
1.314010063487728308e-01
2.417776306401105829e-03
4.943415044245140152e-04
4.590756079064742257e-03
2.744641016688500329e-03
1.885641794667792040e-03
3.418823855798388406e-04
4.972120752224449408e-04
2.808447624464120107e+00
1.021685027046325290e-03
7.800705692578224770e-02
7.621952615476023860e-04
1.205501591159163603e-03
5.995953396767917613e-04
1.102436911092945948e+00
3.908575695892508861e-01
3.115588841769708142e-02
7.232763455469453512e-04
1.971659188691290698e-01
1.955579415589660600e-03
1.047959528623790357e-04
5.473097682528235003e-05
2.448836722572728455e-02
9.892882831718271319e+00
5.235107435489641872e-04
1.354851967098419152e+00
6.832153621172099532e-04
1.287357123109796053e-03
1.950321205958300413e-03
3.283668826223442444e-02
3.746429704785978832e-04
1.279434392876745326e-03
9.313870392268128739e+00
1.767061286812049263e-03
2.488060377187797587e-02
3.483721582823656737e-02
5.251684197666813825e-01
9.866864561972523567e-04
1.670073968092534306e-03
1.701040702637218391e-03
3.006279571107005159e-04
1.534743546699943433e-03
3.676611172559773877e-02
2.205765880574823284e-03
2.342600902972334295e-03
2.581200384818578553e-03
1.455525135050393442e-03
5.720160349180552703e-04
1.918008656795425898e-04
6.964044014120410533e-04
2.953405236742603218e-02
1.682797720450299878e-03
9.787011583062296127e-01
1.099944831540856406e-03
7.342402494059743212e-01
1.049225537639008193e-01
4.342913909150679548e-04
5.972327880841114822e-04
7.013886804940698827e-01
3.066221073364577485e-04
1.356443465050284125e+00
1.085251156008536055e+00
1.114220436407389325e+00
1.361512380496286007e-03
1.674595317524390538e-03
5.241466088991234701e-04
2.250031407117286442e+00
2.952562336689824526e-02
1.121194264008397012e-04
1.044071493614016563e-03
2.223545379597681795e-03
2.940855859037334874e-02
3.480160628323542005e-03
2.766586603709157710e-02
5.319117233712003512e-02
1.201236284250936648e-03
1.613447543598742900e-03
3.966765392938328416e-01
6.370401297848050405e-04
5.597815549096422970e-04
1.647003664665289135e-03
1.265190502027994067e-03
8.913086785034591841e-01
8.016585594793398245e-04
8.461416863861492138e-04
9.739857904749217588e-04
9.394859881950305081e+00
4.772967195730212775e-04
9.475930313510602492e-04
4.862359627557932829e-04
5.683222340506031284e-04
2.832780611513775618e-04
4.632413024712438848e-02
2.106940698272429750e-03
9.434945782316392360e-04
1.091100132796716249e+00
4.765197780614040257e-02
8.093993753056664617e-04
8.583745300017535662e-01
4.361154802545222885e-04
6.047488336909261353e-01
3.775672115038279930e-01
2.428416319620808200e-03
5.852605230607556275e-02
2.618483809746741456e-03
1.081322794670734611e-03
3.445979600718292006e-04
7.992032542120316996e-02
1.488255958957084069e+00
5.197992286448477328e-02
1.230667497041063180e-01
7.373510776839473646e-01
4.286600757289906610e-02
2.353087462486528128e-02
3.900771782205975265e-04
4.775133785029418709e-02
9.132541490468891509e-04
1.672814739532452535e-03
3.520928967044824331e-02
1.740050882534510679e+00
1.594184434327999573e-04
1.048723816668470366e-03
7.641642289704830837e-01
1.484290842175465738e-03
9.856065239294033165e-04
2.380454595083012978e-04
1.572744502364426811e-01
1.451346221067864595e-03
1.053829182508591256e+00
6.656002036120878262e-04
1.599014608675305635e-03
1.282309274535503141e+00
1.177337287638791752e+00
1.104370725348316901e-01
1.026739451373662293e+00
1.872447441638310228e-01
6.121160356503884629e-04
1.866516704947632110e+00
1.517313626524784478e-03
3.508956097357148612e-02
9.786904900746223185e-04
1.781526968455541746e-03
8.805957947457191182e+00
3.156226991731974144e-04
1.667866200920617437e-03
3.322800777130693883e-04
6.794261734664906391e-04
1.978963700184674379e-03
5.258483215072886491e-02
2.349920923780748211e-03
3.499274898663877822e-04
1.907482810856004143e-03
8.509835018159374320e-02
8.480558550604627044e+00
6.851145898905709741e-04
1.179986466791513033e-01
4.738627553716439483e-04
5.901315863755945967e-04
8.684748760840583191e-04
8.599856062175767590e+00
1.059199942382936912e-04
5.712849885052056695e-04
9.912440058668149367e-01
2.404020117850411489e-03
8.917039605944997449e-01
1.125640735930613978e+00
7.814403404220364793e-04
1.072304001447472403e-04
5.565161248622932030e-04
1.163534591679475302e-03
3.136717351964147735e-04
7.478434339549195134e-04
1.138542927718576639e-03
2.740527665444285679e-02
1.249660942278674886e-03
1.220581228231393950e-03
5.547062011490178773e-04
5.334879484544782086e-02
1.760235692297063448e+00
9.973710628684226975e+00
1.067075926926334795e+00
6.730505520186283452e-02
2.542460668242341737e-01
3.591086949987848864e-04
1.006802593871272933e+01
9.033033494622265402e-02
1.075090980805509799e+00
1.163937914354245835e-03
1.013462820920185692e-04
2.099221359953060487e-03
9.350126457773862490e-04
4.269766958540097482e-04
1.434449451251077270e-03
1.018216942686749581e-03
5.882401627171369302e-04
1.908215876049864160e-03
3.851623008190889139e-04
9.895103532804132296e-02
9.562404436149140284e-04
5.334659307158204911e-01
2.597300198625989154e+00
6.548339965045388844e-01
1.236844111607648067e+00
3.848547613190742012e-04
2.210411892730412831e-03
4.366818502668685931e-04
1.263363337619288207e-01
6.480225990622727125e-04
2.133458802261404413e-04
6.417545611087753510e-04
2.328244495339450992e+00
1.188277411650553875e-03
1.188369030428958029e+00
1.445228605290444779e-01
1.657539613956400926e+00
1.034196172969299721e-03
2.410268111432157037e-03
8.990992086697938146e-02
1.452601618452857180e+00
1.101428655177389554e-03
1.308781695917313539e-03
1.001893487989018672e+00
2.331904673707514567e-04
1.148711032094203999e-01
6.133366068800187023e-04
1.132483879811161526e-01
3.137056329582470736e-04
9.948794997419540209e+00
8.801434352615255044e-04
9.289160209407089752e+00
9.355537362139027674e-05
5.982656889945140583e-02
9.265928782638353095e-05
9.839469158469549726e+00
1.009606938413359023e+00
9.660007633884356432e-04
8.854093075299530879e-04
4.640395328781742046e-02
7.018195258026236737e-04
8.863756673207561221e+00
5.056344195308107303e-04
1.551675383194529301e-01
1.167449798957380214e+00
1.017160074709078359e-03
2.342027969767924815e-04
7.510189123991614646e-02
1.130868376633680991e-03
2.132423738490847077e-04
5.178910945560202816e-02
1.959964726262875878e+00
2.141686657782056104e-04
2.993252085135781129e-02
1.461628717309868541e+00
2.375878086617084269e-03
2.390941282174629742e-03
1.139326981866809613e-04
3.296955200151872489e+00
9.841416101980580144e-01
8.640231132647901297e-04
3.266869419620294784e-02
9.106244279533971808e-05
8.363150302314013851e-04
1.311164635919717325e+00
4.571719300526743378e-04
5.975738547346650525e-02
7.980134878416022702e-04
5.774616774516042874e-04
4.335836575293083167e-04
5.251104146910172757e-04
8.874684165210767972e+00
6.682747622007101373e-02
9.658389359287139833e-04
9.128437096255683642e-04
9.297749065788475653e-02
3.195130473525467987e-04
1.656227245102314338e+00
4.623276207294981909e-04
8.476973505235612522e-04
9.153000994323607503e-04
1.267516160545901549e+00
3.166385169880925159e-03
9.728384272921931225e-04
9.813788975440093654e-04
4.218925686960258936e+00
8.118901880758925410e-04
2.334164911110440249e-03
4.872047939728303863e-04
2.179224140763666787e-04
2.323386879095577784e-04
9.928954834408625779e-04
1.303902837141662552e+00
1.012646736440804274e+00
7.061539831518776067e-02
2.747969232821606891e-04
1.101691004933865944e-03
1.097856018425884539e+00
9.987942100701248209e-04
2.060267678197875638e-04
1.002047816728634209e-03
6.398513881233922410e-04
1.857107144797355731e-03
1.352574381889484062e-04
1.241744778837450074e-04
1.123312013761364331e-01
1.188053438469702933e-03
1.718951427998967676e-03
5.052668009556314510e-02
2.584717779593106047e-04
1.124518295191488139e-03
1.698225977113726123e-03
1.320394776945205129e-03
2.266912541747777982e-03
9.238285198721111202e-01
5.581644842525722988e-02
8.479301433416067124e-02
1.059773211643754570e-03
2.881981179489758599e-03
3.187698228598452002e-04
8.797444654692999910e-02
1.304601998230597859e-03
1.219230126392795599e+00
1.120612657099946501e-03
3.429368044932240567e-02
3.645386560819909860e-01
6.162232890192440027e-02
2.881624201492325246e-02
9.884869193159895318e+00
9.683068013450965572e-04
1.243111319057363523e-01
1.907163276869319635e+00
4.706000543387408100e-04
2.568063352538490357e-03
1.156404249772449884e-03
8.445234914913014521e-04
3.196453272563303666e-03
2.152021426153696154e-03
8.826005326666294323e-04
3.208133529118493976e-03
2.333206047740485345e-02
9.335149128576032851e+00
1.790175806462810347e-03
1.004807399004289600e-03
2.416702030668256302e-03
1.471991052214026263e+00
1.749377542534487698e-03
4.175633111999105251e-02
7.252167383661658334e-05
1.468779430903928776e-03
2.813435298535343909e-01
2.124101929549205431e-02
1.002336275527442380e-03
1.145371051687410491e+00
6.126093231229173819e-04
1.332155802284575377e-03
2.338104928470917908e-04
1.891500360886887444e+00
2.011785136309861277e-03
1.136097597920947538e-03
3.482317964544786020e-04
2.379246127701734395e-03
8.101696038575250877e-04
