1.335236074046490362e+00
1.255310917574336660e+00
1.070825608844579779e+00
1.185209289700543067e+00
1.348439423256579950e+00
1.139352913725616201e+00
1.151196514795988834e+00
1.125322064284549395e+00
1.317059236746430440e+00
1.294658483881152122e+00
1.154846378048517863e+00
1.314918453124578779e+00
1.116495506868475873e+00
1.230367456819602801e+00
1.193362786738731085e+00
1.122531975649853297e+00
1.093857884399654257e+00
1.478742479544558508e+00
1.234775585049425750e+00
1.183205054287274960e+00
1.193138679461050788e+00
1.400412854224973636e+00
1.235312844841358615e+00
1.357709547112989856e+00
1.082714289411723430e+00
1.099915151065296026e+00
1.232895258506801817e+00
5.820721078690004546e+00
1.266306443800211401e+00
1.240022686897924942e+00
1.296983849635717778e+00
1.387050237069193948e+00
1.370728457641090969e+00
1.209509478996830811e+00
1.312781287785428352e+00
1.257505966610791726e+00
1.713820432331378374e+00
1.201240225357858460e+00
1.294401059689167077e+00
6.116711006610595192e+00
1.234736238755094639e+00
1.280659630590723630e+00
1.139828967168766916e+00
1.266516018684345823e+00
1.167115650941626281e+00
1.161360426850406302e+00
1.213462427025014501e+00
1.261764066931598149e+00
1.035775770012438590e+00
1.548051587289369854e-02
1.954303425260971228e+00
1.185483740489657212e+00
1.191206616181567757e+00
1.227138305888610947e+00
1.643856241554126907e+00
1.297739848418930197e+00
1.182440662159823574e+00
1.324087541838744997e+00
1.361532692090503094e+00
1.304299537072253656e+00
1.127787749196329514e+00
1.475012721621143275e+00
2.862464213010638581e+00
1.365545299101759591e+00
1.219453102061240024e+00
3.523168918192178367e+00
1.295201509548476348e+00
1.285707222805209771e+00
1.092750499795511532e+00
1.177732726167076915e+00
1.184696608913384575e+00
1.259648502474332910e+00
1.158096426635488285e+00
1.269894614314148296e+00
1.166373732906732297e+00
1.138855029870561086e+00
1.246515031050027922e+00
1.241238339353456510e+00
5.089630747057496407e+00
4.135004198799475006e+00
1.188562157076488823e+00
8.069126575518701383e-01
1.209241818510919053e+00
1.559448930269737854e+00
6.973300456925914936e-01
1.243012339113007902e+00
6.651255094943055113e+00
1.230339158763343210e+00
1.734109213953894182e-02
1.060553488578481751e+00
7.800504228201960988e-01
1.436896091309323997e-02
1.141374609448994271e+00
1.962463409246873125e+00
1.433505456564767577e+00
7.836485251268612284e-01
3.295820630048265087e+00
1.113896033699792287e+00
1.447634528701350121e+00
6.333962443930161612e+00
1.181828169982418686e+00
1.315820238465975400e+00
1.302216243476850277e+00
1.357164059097523134e+00
1.309565096652969496e+00
3.334578773604523150e+00
1.209530554081795106e+00
1.112480187248719776e+00
1.110731247767108743e+00
1.265118874329778764e+00
1.444322034347945483e+00
1.553110247643936681e+00
1.339519217282453933e+00
1.790440790346953914e+00
1.269102179497546778e+00
1.277020870344611314e+00
1.302186095527142262e+00
7.252656641703252305e+00
2.306495358491802428e+00
1.922086533995732260e+00
1.339827824679109547e+00
1.184514810244600813e+00
1.180631011925264762e+00
1.201658254530594494e+00
1.265495993869816260e+00
1.233888979750901616e+00
5.589622980701915544e+00
8.554829222218902629e+00
1.302685590201759558e+00
1.331470592703762001e+00
1.559705236342173285e+00
1.359189306047285495e+00
1.533796128420055860e+00
1.220664214387976232e+00
1.436950219230498149e+00
1.325747850948827189e+00
1.747990399809736584e+00
1.194478402015140439e+00
1.227089190591189372e+00
1.195589262170338118e+00
1.212235664557983483e+00
1.044442391794959901e+00
1.415549323159717154e+00
2.459463760799275089e+00
1.606409282287661222e+00
1.959396242304202396e+00
1.160666511773929876e+00
1.204178912544183078e+00
1.327849136814569508e+00
1.942893363684339958e+00
1.145401584504576409e+00
1.989337811615275342e+00
8.050205946631030507e-01
8.453384607332954381e-01
4.129911193718932338e+00
1.429291278555953504e+00
1.242087163034218289e+00
1.853464244398304928e+00
1.285202471368966037e+00
7.792364890198570926e-01
1.314114634763569267e+00
1.357808875078371003e+00
5.472269314917088678e+00
1.427434206781175607e+00
1.357495858351546625e+00
1.414995204788138672e+00
1.236827006072336754e+00
1.206658068390018990e+00
1.334461119888829206e+00
1.304705649368691045e+00
1.100825839960328789e+00
1.316928835126740971e+00
1.295867354753328815e+00
1.199615774431048276e+00
4.823128196240748622e+00
1.285217407889997387e+00
1.083509158265647088e+00
4.622345771310790496e+00
1.383470510280020438e+00
7.775650556720048456e+00
1.424436142931059690e+00
1.281612237956432976e+00
1.183400445571739734e+00
1.486844414058062849e-02
2.710495860665897094e+00
1.240175851101004589e+00
1.250399077632811551e+00
1.256883736718971578e+00
1.340447304443584509e+00
1.323328543327640716e+00
1.329116677897559384e+00
1.421915433879445967e+00
1.237737867800746239e+00
1.120244376860648039e+00
1.231299296791583675e+00
1.375233080901859528e-02
8.756391586913836456e-01
1.303884939118232111e+00
1.541753415402361327e+00
1.231835784038672221e+00
1.792230443444019050e+00
1.249525220209886989e+00
1.221633391221215614e+00
1.565496341407486058e+00
1.275895016538833637e+00
7.531498055495576827e-01
1.219737260885610963e+00
1.241848630635690398e+00
7.875316961970689755e-01
1.569757539062843321e+00
1.263568096371302074e+00
1.262823945097523382e+00
1.634109181771906463e-02
1.294456330243571873e+00
1.298623565663865831e+00
1.275287031023245587e+00
1.374126156111259878e+00
1.060974403943955480e+00
1.401755565371989976e+00
9.151702027441466214e-01
1.227093977016974646e+00
1.155868781406059753e+00
1.545918007189960530e+00
1.233322337203979435e+00
1.253640294589453141e+00
1.171351023537491542e+00
1.222187635467333333e+00
4.010852840035764366e+00
1.180230635587989241e+00
1.425154820676711509e+00
1.255938166359168884e+00
1.432126787047425243e+00
1.409524663066394901e+00
1.463500118025566010e+00
1.221613955112268890e+00
6.453708696833925229e-01
1.191536201979528586e+00
1.148975879103861786e+00
1.380208331289772161e+00
1.235191485128027455e+00
1.308311390540731756e+00
1.587403329844294317e-02
1.283756857538223661e+00
1.435115322868776300e+00
1.107424289897950498e+00
1.203335726547457796e+00
7.367884068878217896e+00
1.250008473041546608e+00
1.364522191544945251e+00
1.388400282070834546e+00
3.472708823470875394e+00
1.284813213813193800e+00
1.171089866162138282e+00
1.244823586638151847e+00
8.798683528677984089e-01
1.324364417195110111e+00
8.422328250246671644e+00
1.291592693004741221e+00
1.110247741759814222e+00
1.266136149464040184e+00
3.912591546918918972e+00
1.257868797952271134e+00
1.309019557743366757e+00
1.326779765793389299e+00
1.306087216464298928e+00
1.240503615117277469e+00
1.387126474051682656e+00
1.011219906570673288e+00
1.806747696230885936e+00
1.116781647443926273e+00
1.325210840556053871e+00
4.684359126087014324e+00
1.268411507071768085e+00
1.418537592368406930e+00
1.667406535400982673e-02
1.094354235745345960e+00
1.194183887211941908e+00
5.937976749176682389e+00
1.091585511229609562e+00
1.067734488545277305e+00
1.271873187268207861e+00
1.108392612563318114e+00
1.237827556476098101e+00
1.261515330778607558e+00
1.366153093355505277e+00
1.281862172167884228e+00
1.196668415434118948e+00
1.344874656169410265e+00
1.872942185148010807e+00
1.174956916976700683e+00
1.240356152194804551e+00
1.352709192391853943e+00
1.179063897878911860e+00
1.252333440066600634e+00
1.831084294916158095e+00
4.404888093001743776e+00
1.361318939945095341e+00
1.272333547480762217e+00
1.525567850549159665e+00
1.308568220104987301e+00
1.221924407747104979e+00
1.331746451925104324e+00
1.875107313756694927e+00
1.277226209190018613e+00
1.439952264425696571e+00
1.564032922031055373e+00
1.264140057377840076e+00
1.331235477828405234e+00
5.755420774445647147e+00
1.356938330376133983e+00
1.524682273076809549e-02
1.272390191006035343e+00
7.908413836650893813e-01
1.874955719175053562e-02
1.152625723412873171e+00
1.337000907850572684e+00
1.099570335305194213e+00
1.268457568534352209e+00
1.281064014521775984e+00
1.136218203875569932e+00
1.130720136726699465e+00
1.223312745279209190e+00
1.191710307152673343e+00
1.260568558224185676e+00
1.107093153461784052e+00
1.407096230293582106e+00
1.435172720515579092e+00
1.248960747629227264e+00
1.135953999389128999e+00
1.198529145371135751e+00
1.462582952330349073e+00
1.318655607255144080e+00
7.022430959183310062e-01
1.156495241635638216e+00
1.385423088108531209e+00
1.378526994570421937e+00
5.840430497274621047e+00
1.145695876094473764e+00
1.294976438452489553e+00
1.119454433362940815e+00
1.347299615098183967e+00
1.525835075490671391e-02
1.306960285866568094e+00
1.088933576044039064e+00
1.334492133517120926e+00
1.486887702916931189e-02
1.416253403851982728e+00
1.158284317346895964e+00
1.291229567619482710e+00
1.253408457687797295e+00
1.220316738935675049e+00
1.286357647684760463e+00
1.333539799030077466e+00
1.203796858786374546e+00
1.110283122185386606e+00
1.182236114866375587e+00
4.276769321958726167e+00
1.653973590311406339e+00
1.190169723942636093e+00
6.747501386015142266e-01
1.310410488361287040e+00
1.299134122015567883e+00
1.283451994065356594e+00
1.169825801187860836e+00
9.544284681054432395e-01
1.278571651459305958e+00
1.210088930870400370e+00
1.102620114864251377e+00
1.317966627283428505e+00
1.121992787185555507e+00
1.433893980272431978e+00
1.371163002306504008e+00
3.878210353732779225e+00
1.084622952734659140e+00
1.420055082120625034e+00
1.819793922983286433e-02
1.261664335827434424e+00
1.304779680058453017e+00
1.935725316894548520e+00
1.164815072558274878e+00
1.388054131473871022e+00
1.200813523410257266e+00
1.188134772767452274e+00
1.278066163965594804e+00
4.924864279441202974e+00
1.259628228727085464e+00
1.208486808366780574e+00
1.553649501803589850e+00
1.340854965950233124e+00
1.144912737495856314e+00
1.239886920632961242e+00
1.170896639381171056e+00
1.154860232178681390e+00
1.291551473537660533e+00
1.134954472202975406e+00
1.139542680662303464e+00
6.687295313929752183e+00
1.300377350836919410e+00
1.153528650781057596e+00
1.298718787586149448e+00
1.185953531676966932e+00
1.373803493930909170e+00
1.431570393925196250e+00
1.089433898142369017e+00
1.469363861629166657e+00
1.299379101564841044e+00
1.160694642643147478e+00
1.149006706902530484e+00
1.378815073920710343e+00
1.169361178018227143e+00
1.244595153394982390e+00
1.439631583366406620e+00
1.508826008573301181e+00
1.253286060791966694e+00
1.810804189195979602e-02
1.206211611756416779e+00
1.135123358905633317e+00
1.216509817779276137e+00
1.495119134871116362e+00
1.196009273617901325e+00
1.361270149183386069e+00
1.539512034645500904e+00
1.139714673863306826e+00
1.378515712592704112e+00
1.301933023472476997e-02
1.288395499178395909e+00
1.327608115245984197e-02
1.266663770363831043e+00
1.351574026522278871e+00
1.335030468599195164e+00
1.122983458126380452e+00
1.382656034151088890e-02
1.287918360476405732e+00
1.158282145675092245e+00
1.108810078954244549e+00
1.302245969821617770e-02
1.237709171132040264e+00
1.525365892437523588e-02
1.167149931243869565e+00
1.206882094908381386e+00
5.976306821476384812e+00
1.123004827977791553e+00
1.334732864199973612e+00
1.436893727060094994e+00
1.237040992035407738e+00
1.201886037039367583e+00
1.191267956733160105e+00
1.349180088177055703e+00
4.838595621630505939e+00
4.152923704668877392e+00
5.816953153431955847e+00
1.164210175463169072e+00
1.284101438182045474e+00
1.112616820152441122e+00
2.447918088407047499e+00
1.209521608681061622e+00
1.292619936433621275e+00
1.146196499281509240e+00
1.652835095844289892e+00
1.302082762773706825e+00
1.227794068282163753e+00
1.226479278445718801e+00
1.192947039057828285e+00
1.365342615217781219e+00
1.285589848978799576e+00
1.328720464396947465e+00
1.219133562895676093e+00
1.167102784949999306e+00
2.986629453358539799e+00
1.247048331311166880e+00
1.238927007371211531e+00
1.371000251958273575e+00
4.335204114854356305e+00
1.235605800386753383e+00
1.124272755720875150e+00
1.328834984762052640e+00
1.182202648312375315e+00
1.104370604702106906e+00
1.266899459482331958e+00
1.372777570356839894e+00
6.179612033785777392e+00
1.267509359987577078e+00
1.239041390761240979e+00
1.274721385480437341e+00
1.252006508636476223e+00
1.387611173681683852e+00
1.210658944110497348e+00
1.251757148969272926e+00
2.082718425367442450e+00
1.222885094683334728e+00
1.431667320356151407e+00
1.412229774119079240e+00
1.113627893820245296e+00
1.344180455284333942e+00
4.829587415914600612e+00
1.229103519833542268e+00
4.994530678668871460e+00
1.152336092228336106e+00
1.169680746001441785e+00
1.095936157540362998e+00
1.286164789265822339e+00
1.249489604343302585e+00
7.466646435803456772e-01
1.391907121543667802e+00
1.430213173388818815e+00
1.418332417768064513e+00
1.259473564924749045e+00
1.335168554229125615e+00
9.784930954001220815e-01
8.292818891985759278e-01
1.217299559880276272e+00
1.630254868760508402e-02
1.140839313273765976e+00
1.478952081565561683e+00
1.565439251830905931e+00
1.420412592995468515e+00
1.234646838861920060e+00
2.945949508086430413e+00
1.442911259741112839e-02
1.253153242986022153e+00
1.330203654557023940e+00
1.543245363717189386e-02
1.260831159458471795e+00
1.311903110102500936e+00
1.243180961798024065e+00
1.630262745096252797e+00
1.372354767805454401e+00
1.621646350981696294e+00
1.254886116807464536e+00
1.177457411305536272e+00
1.199857596135633031e+00
2.074302591604578527e+00
1.243982897630936169e+00
1.241414317654856880e+00
1.223597063789105377e+00
1.239755243403927398e+00
1.467686501499123164e+00
1.357838236577719293e+00
1.247877439696113644e+00
3.661872647121577451e+00
1.188785862160632867e+00
1.270616609787764251e+00
1.172517055290244414e+00
3.221283776852122749e+00
1.218931320945846108e+00
2.097530791445615161e+00
1.347743359865570589e+00
1.419466900019693778e+00
3.667777689710656652e+00
1.703310649569992133e-02
6.269499732042159046e+00
1.249401111940913411e+00
1.171484025689808250e+00
1.872673591052614536e-02
1.150697964258085015e+00
1.239213242865580433e+00
9.156327112175923766e-01
4.143138491120890166e+00
1.421500510481520152e+00
1.220906059007424327e+00
1.097622190081786853e+00
9.026339783789839588e-01
1.238613222224723476e+00
4.930105601151545613e+00
1.193461799435290072e+00
1.129431017274748150e+00
1.219950230547042658e+00
3.656755898254320680e+00
1.261912858701890183e+00
1.280464168342009046e+00
1.195075970415040434e+00
1.405971540716975277e+00
1.336300436286681492e+00
1.224606632775980586e+00
6.084624831680450541e+00
1.317478736380839344e+00
1.064229838509000770e+00
8.237340761806770661e-01
3.478441658322351415e+00
1.232412954253703230e+00
6.020403490823286852e+00
2.002952168114274123e+00
8.513687855771877366e+00
1.360539238280918717e+00
1.211107302715792144e+00
1.531769495841714068e+00
1.156835468038574621e+00
1.275837217270085588e+00
1.193020130615217056e+00
1.145895555720273684e+00
1.316583079372531273e+00
1.281461790666598155e+00
4.830588032138416921e+00
1.360242582609086037e+00
1.272646553044293860e+00
1.245167165028177259e+00
1.163254331678421627e+00
1.315524908911882118e+00
2.884534098600671115e+00
1.229489751894394800e+00
1.344674185813675260e+00
1.174678636353438499e+00
1.401754837486626659e+00
1.200467573755513051e+00
6.588114449216714519e+00
1.174657387818778265e+00
1.353571414950287988e+00
1.284053939050761706e+00
1.203352825643329904e+00
7.364654685062332007e+00
1.411377238247147670e+00
1.132329114519909474e+00
1.077250656726981504e+00
2.191739413184908614e+00
5.294953846466043501e+00
1.183873503949802508e+00
1.373370908662354006e+00
1.223080839664064223e+00
1.364202642623392858e+00
5.079459273596294011e+00
1.295323769001940351e+00
1.166226108168680664e+00
1.133534244196089169e+00
1.155659316626492794e+00
1.169607777194957787e+00
1.242954854077396920e+00
1.137693136846146924e+00
1.249215328842029571e+00
1.066556584076796099e+00
5.340260773625358226e+00
1.382935813588514140e+00
1.165755482488048056e+00
1.406454964162827448e+00
1.183005877120837823e+00
5.159497576489487258e+00
1.131828969499343751e+00
1.070229420519354324e+00
1.280089775143590458e+00
1.393843404181068113e+00
1.325961599625475440e+00
1.330162654788704518e-02
3.605736879543735451e+00
2.250720004403971686e+00
1.304062106962777801e+00
1.552878802400376790e+00
1.338363961560519400e+00
1.355014655914216881e+00
5.437656269231331274e-01
1.246039625698604159e+00
1.204731146586992541e+00
1.269643241487067975e+00
1.133314154703928711e+00
1.359292443391763250e+00
1.319152621650188983e+00
7.550898363728737017e+00
1.344381124581914166e+00
1.362359570944529086e+00
1.296032670922635965e+00
1.105651999653616269e+00
5.582499735338363855e+00
1.156395729584389409e+00
1.205657346635326421e+00
1.154529522685243226e+00
1.531966256375677293e+00
1.379171485262478125e+00
2.287640701128298204e+00
1.187819039141801980e+00
1.300037742388043149e+00
7.057387023044498164e+00
1.419208755744569617e+00
1.595254699311881463e+00
1.541957914991914404e-02
1.421920020789895212e+00
1.136987728045684820e+00
1.294413470549342193e+00
1.600744387091074472e+00
6.416630198980417532e+00
1.127000810691405119e+00
1.128497560439340353e+00
1.538006812418911462e+00
1.049519315665589048e+01
1.363194739166825098e+00
1.349164484534690400e+00
1.246746836545466808e+00
1.115292924178338030e+00
1.282401153856189246e+00
1.146548083206159863e+00
1.239249688801540739e+00
4.550880143633778019e+00
1.282008536966155354e+00
1.243452789001939784e+00
1.283967723482424717e+00
1.207837441559654890e+00
1.337778228019620208e+00
1.254347988210603004e+00
1.095011810409157960e+00
1.203636657066189386e+00
1.250977099699023487e+00
2.405325651864723469e+00
1.226288957140809543e+00
1.762927491876862748e-02
1.286912788275319075e+00
1.353101326932783177e+00
1.154514225352478052e+00
3.155166591380538677e+00
1.131511183689609457e+00
1.286631840029233365e+00
1.294807703745121330e+00
4.734279304423234080e+00
1.329167145189776855e+00
1.270953431598621286e+00
1.347330942689462852e+00
3.379584768663686845e+00
1.370800935455348757e+00
1.274431792455587686e+00
5.202672957523724939e+00
1.292279413607141381e+00
1.339238040760451831e+00
1.258273976591452570e+00
1.247294772037278676e+00
1.543324824045892107e+00
1.752612257723496630e-02
3.731044854331847738e+00
1.386168047875905085e+00
1.176115500991272489e+00
4.039444453829322157e+00
1.196868686360537337e+00
1.211573665699823943e+00
1.197368776979576444e+00
5.460499300568388392e+00
1.266988701296896336e+00
1.412228067849772728e+00
1.182216031803341671e+00
1.414825851399039047e+00
9.233637274909238357e+00
1.196182637675723193e+00
1.196215517376714388e+00
1.217285443916699794e+00
8.628579084428789514e+00
1.209684040566770591e+00
1.609682263346959186e+00
1.142025590776599486e+00
1.268330509818572871e+00
1.483773700067839485e+00
1.192375490106033498e+00
1.247766582961652215e+00
1.192485381467467853e+00
1.290919950295271956e+00
1.319871034180130076e+00
5.091028720649353190e+00
1.199577198535959344e+00
1.355661534579496008e+00
1.223028070560596037e+00
1.306169588218268007e+00
3.640190999216736945e+00
1.208526586978569073e+00
1.335753953568514341e+00
1.324863004711195558e+00
1.323406200570982350e+00
1.403328428368633585e+00
1.410134154477900914e+00
1.378525071013108061e+00
1.195964472213306262e+00
1.348566173380312261e+00
1.257656361054916072e+00
1.293316996704961142e+00
1.263210544483133635e+00
1.272882660401898125e+00
1.288823671868953191e+00
1.240165313721498297e+00
1.389583050474251236e+00
7.684676340693259444e-01
1.330954791538600190e+00
1.393587042326304370e+00
1.148960222132646480e+00
1.372728011618518540e+00
7.928610541399574441e-01
1.257792673017116503e+00
1.321396028496882646e+00
1.071984335582244707e+00
1.460162558689920065e+00
7.149054899221693127e+00
1.378442593804394267e+00
1.301104633877246064e+00
1.248647004206653754e+00
1.465516404669032990e+00
1.114308685464559634e+00
1.410568198489543068e+00
1.467124868605677257e+00
1.123808878588574256e+00
1.186147986695481382e+00
1.690452172613913229e+00
1.384774355965379566e+00
1.334403466003184491e+00
1.369653575805412249e+00
1.365569507642974134e+00
1.279593802220722054e+00
1.102004483039619842e+00
1.237891071309530577e+00
1.360041958109817983e+00
1.240006347643430207e+00
1.118133633363203039e+00
1.341123594752609449e+00
1.437601845698507574e+00
1.315665349911218293e-02
1.085785757218518555e+00
7.505856121422834093e+00
1.083136747295695868e+00
1.994051158209680930e+00
1.438648535427740738e+00
1.316885652907648030e+00
1.151877569186355643e+00
1.178869993634013458e+00
6.755244133233835768e+00
4.256670022204248838e+00
1.187363274229349175e+00
1.387529310380028136e+00
1.420283364225817468e+00
1.129883013738944841e+00
1.230982933945785174e+00
1.251273370636903248e+00
1.223770919151763170e+00
1.358824526478419115e+00
1.300530345917971342e+00
3.193056405195445535e+00
1.134358884301661874e+00
1.237362419658467605e+00
1.600385568054595753e+00
1.291701836210146892e+00
1.219256026894373512e+00
1.387128287306092389e+00
1.368777536693436936e+00
1.199621608887486257e+00
1.204817565213073927e+00
1.761848073539378223e+00
1.371289225229206155e+00
1.392411188689213875e+00
1.251490571053294823e-02
7.515747245240190111e+00
1.281176533969825115e+00
1.372134879409534935e+00
1.397951317736259247e+00
1.102242901718817780e+00
1.483756654876122072e+00
4.129152591926599669e+00
1.529484789968712954e+00
1.254541271687375392e+00
1.153320860032892803e+00
4.903842612035600013e+00
7.924796245771658088e-01
5.767604751696824295e+00
1.365756639760304703e+00
1.380923814459621202e+00
1.524327553785527867e+00
5.713841730086762993e+00
4.994548449706758042e+00
3.173364213336221873e+00
1.290955858141155765e+00
1.243623235573235286e+00
1.332530225881208175e+00
1.698703368638219136e+00
3.859245679310689070e+00
1.186980818790862147e+00
1.224218338805001860e+00
1.213426043929590747e+00
1.285393974984510912e+00
1.356771391262269422e+00
1.354305012687654131e+00
1.396552714330694389e+00
1.083173603352971526e+00
1.173384775829396487e+00
1.419380326680313775e+00
1.122863404359701001e+00
1.227316221848338440e+00
1.311047254672776274e+00
1.226363900394116246e+00
1.233515095072920786e+00
1.372008759672799894e+00
1.152881627423839372e+00
1.184431877712929904e+00
1.390763970416165840e+00
1.194811897403892598e+00
1.401434399254376961e+00
1.189037759562808771e+00
1.109674102343907842e+00
1.200970831625959079e+00
1.252792510117913150e+00
1.156582336933135169e+00
1.387650047217963589e+00
1.270138021066302469e+00
8.640914229249238021e-01
5.804102810841857973e+00
1.254832436853275279e+00
1.165473166443375730e+00
1.140011900262258404e+00
1.055319522472385696e+00
1.218114437869161293e+00
1.264120800115375420e+00
1.342867139691048317e+00
1.309420464025494724e+00
1.251015090818812681e+00
1.370014276545374887e+00
1.353017799595881629e-02
1.222250656999880558e+00
1.132884521904107933e+00
1.271417624844626948e+00
1.265185477305372341e+00
1.153838326843011686e+00
1.426577405957629718e+00
1.369275007792593035e+00
1.279556427485062597e+00
1.175391064777332240e+00
1.132925733700371307e+00
1.200319430630895967e+00
1.568656814249558717e+00
1.137129247340145533e+00
1.127215728560176711e+00
1.338513476482778630e+00
1.584726051173067418e+00
1.305581374245745607e+00
1.348287817336515371e+00
1.950519541094698273e+00
1.222020466421436247e+00
1.577864311266705816e-02
1.549551596801157949e+00
1.332077723320747697e+00
1.196086722222553522e+00
1.393876422291709494e+00
2.483600119535081419e+00
1.205003588853941654e+00
1.270507567456961695e+00
1.080084374624632249e+00
1.272220188154722376e+00
1.370675695142131723e+00
1.328303680745569704e+00
1.262962582239989029e+00
1.495540760718700124e+00
2.305890685610311408e+00
1.322488688970138604e+00
1.192839594064174946e+00
1.213606025406050559e+00
1.267303998545556309e+00
1.158189349201108387e+00
1.358859151080651140e+00
2.668528056521181746e+00
2.460380081710477285e+00
1.258375854989222997e+00
1.152697153178945388e+00
8.270223735594649517e-01
1.449376185381678894e+00
1.208057211017831811e+00
1.691983191235392425e+00
1.147481342282363315e+00
1.223393180860608886e+00
1.471984749164225503e+00
1.324359539931471152e+00
1.628130522562712734e+00
4.504923271291202624e+00
1.221091727566771645e+00
1.296613258490677101e+00
1.364942930196407556e+00
1.403468837832353877e+00
1.202829041681335198e+00
1.154291847158176232e+00
1.145080116314439511e+00
1.268790148508774918e+00
5.137412170789708021e+00
1.780605249434502158e+00
1.177555346076957443e+00
1.239055980472413054e+00
1.101159989607715772e+00
7.128292642421414360e-01
1.341300053331281994e+00
1.419624611106659939e+00
1.137556823977880383e+00
1.081447066518443023e+00
1.216319011345332601e+00
5.334196751173337248e+00
1.148655179903931067e+00
1.267960306667246240e+00
1.294162121688427369e+00
1.490676333843316437e+00
1.213301619699470146e+00
1.294363016347895023e-02
1.207766125277141889e+00
6.678893272542995696e+00
1.387233385477959047e+00
1.291660006181608367e+00
1.192438335044152975e+00
4.970987224018424300e+00
6.745203797315947325e-01
1.189863510047901141e+00
1.283569236539141567e+00
1.295510960596535810e+00
7.325200724954903819e+00
1.186079233854524517e+00
1.213756904137086590e+00
1.211528321475774606e+00
6.292154885632625039e+00
1.371823514319176596e+00
1.805554507610798831e+00
1.385842682256415825e+00
1.312787492937509626e+00
1.254681971100394922e+00
1.157390034478919860e+00
1.544951918025169402e+00
1.364850843346590681e+00
1.293143659759659503e+00
1.308239353702315366e+00
1.348811807968739007e+00
7.100618078808762501e-01
1.714590416183035426e+00
1.254737111812640471e+00
1.409543310077668865e+00
1.126944229925369800e+00
1.309704406861680992e+00
5.637977407996578094e+00
2.098205391998676284e+00
1.258623390187929125e+00
1.160388716127169761e+00
1.234779632308673047e+00
1.189132494917452432e+00
1.198677330436211497e+00
1.384263984623054666e+00
1.398988398472979178e+00
1.346515583294364493e+00
1.324377419835444325e+00
1.084363696857886250e+00
1.146343681259892833e+00
1.178145338825307142e+00
1.695366539711674170e+00
7.020250923003663601e+00
1.227828018357653095e+00
1.348175554489991823e+00
9.031081166181766928e-01
1.282808735464550987e+00
1.216450328219050414e+00
1.294724486680598030e+00
1.110491057822814653e+00
1.234625755764427346e+00
1.148749186733213801e+00
8.572846250902743659e-01
1.606809068037182708e+00
1.360503083882587394e-02
1.171673150374896721e+00
1.320369973761746474e+00
1.184144830607472221e+00
1.703898569746699287e+00
1.116118643184580206e+00
1.286386588027396360e+00
6.180371770186505742e+00
1.044308053598945740e+00
1.222285102735628293e+00
1.196270585445145640e+00
2.331099119747428894e+00
1.351249453730747341e+00
1.272084744959539826e+00
1.269608456787160389e+00
1.193942244982015621e+00
7.887167612120511428e-01
2.882051340418274599e+00
7.749204905389631692e-01
1.220555010613886271e+00
1.878241675887424439e-02
1.285121048422239731e+00
1.300350416560350997e+00
1.164392356831397191e+00
1.191972642528336124e+00
1.193642412439460898e+00
1.281230666834798804e+00
1.426598826285171429e+00
3.357400856155975166e+00
1.118788791697122198e+00
1.394217129241935194e+00
1.341264187067638058e+00
1.346105023056840322e+00
1.383539193969004044e+00
1.228914549146182367e+00
1.165432566964953232e+00
1.239869097375103424e+00
1.222973513604768581e+00
2.171897921550050903e+00
1.260705597674696143e+00
1.239968553542313501e+00
6.689308488781440243e-01
1.392699662878172040e+00
1.369505953219119387e+00
1.134613861016108283e+00
1.075487345817174756e+00
5.432898966609120528e+00
1.264726135048705569e+00
1.218894584933977399e+00
1.093856266294098933e+00
1.144208884183318231e+00
1.380691454290370768e+00
1.338850046739122668e+00
1.404307131305312595e+00
1.268146695569567051e+00
1.364271010832662112e+00
1.776578140689109464e+00
6.079979398282445047e+00
1.217790653327617711e+00
1.164051947732763104e+00
1.378374202489675460e+00
1.280676391478234422e+00
1.290286657508858958e+00
1.137559687514315243e+00
1.111456364044159040e+00
1.254928654641584318e+00
1.421467230589834152e+00
1.351940639875194083e+00
1.067837679815003771e+00
1.215195806920581045e+00
1.139932190453069039e+00
1.226417568342743625e+00
1.328776799316100821e+00
1.248681490898978730e+00
1.239367201848791122e+00
1.338660767758440340e+00
1.210646944065390196e+00
1.316787636618941715e+00
1.265657984309807249e+00
1.318810917827646367e+00
1.200338811784666060e+00
1.279031527262486367e+00
1.202612700087893893e+00
1.204796353618419413e+00
1.367795039677002222e+00
2.135541737414775376e+00
1.236620539918027228e+00
5.278332309972761038e+00
6.018450311816062381e+00
1.225111883272264723e+00
1.350372913759888549e+00
8.290956262422248813e+00
1.213807892119826093e+00
1.502061240028919720e+00
1.257288729504171698e+00
1.118613625847434623e+00
1.298747321995394000e+00
5.568629019915867673e+00
1.611701226480217741e+00
1.163353414497230620e+00
8.089599714970614031e+00
9.414630126653938946e-01
1.178514102828196464e+00
1.309009636311761149e+00
1.260124152909012141e+00
1.367737252213053978e+00
1.203182917532554796e+00
1.992051513187474754e+00
3.837057944518972974e+00
1.727852401543540584e+00
1.370755482500144229e+00
1.345747603938905801e+00
1.160434134854445354e+00
8.155587392624866538e+00
1.257508414713510492e+00
1.337305875131841626e+00
5.654046460697921717e+00
1.445125400018723250e+00
1.006743636201288705e+00
1.282696856410740160e+00
1.418947308365609672e+00
1.524783483698157437e-02
2.096162726611216165e+00
1.292767817252208795e+00
1.313976986485217102e+00
1.187292334023922535e+00
1.161242004410753204e+00
1.564223560057832696e+00
8.095829510928399531e-01
4.260702125473878610e+00
5.772876967266789450e+00
1.491726690675436284e+00
1.726572602014666113e+00
1.194612292695119038e+00
3.973907213092731538e+00
1.314646463742923821e+00
1.194988353090736144e+00
2.295070525869040701e+00
1.309405131292839197e+00
1.286767833704387964e+00
1.381782187601459100e+00
5.128190450582557958e+00
7.061127630457578741e-01
1.167277005745669172e+00
1.209655678101133613e+00
1.551716205238194757e+00
1.164492278622941690e+00
4.302193336724930539e+00
1.356226771696322997e+00
4.843485079576177021e+00
1.100143577055916477e+00
1.119810933223334581e+00
1.239491123492798774e+00
1.189647143001270724e+00
1.228473806953740421e+00
1.305436393361168568e+00
1.353597747796783102e+00
1.280238757331538801e+00
1.165159386203777458e+00
1.098292504850305384e+00
1.137608283121730235e+00
1.214362845317198403e+00
1.064366094677054786e+00
1.205834861523814805e+00
1.334490883010706730e+00
1.358028683433417871e+00
1.157387143820488129e+00
1.179010860267616589e+00
1.483212530441378393e-02
1.390882074520270045e-02
1.295542306298851587e+00
1.348971168452878233e+00
1.283574711107686284e+00
1.167249489430820963e+00
1.326292875486658307e+00
1.187304778735333244e+00
1.174658561316493266e+00
1.221375153219274701e+00
1.310327801037472817e+00
5.769684627417629663e+00
7.783877022271447288e+00
1.306585539016583475e+00
1.172364020090255865e+00
1.198165822560848692e+00
1.076473646678779872e+00
1.614253240449241122e+00
3.374043940875732339e+00
1.269240497234717546e+00
6.692486709533970846e+00
1.257223554354290451e+00
1.160095214766334148e+00
1.149039575329118046e+00
1.245380435542728259e+00
1.298397163879311922e+00
1.266645184454610273e+00
1.479465321360110996e+00
1.106957200193785962e+00
1.845913095225782508e+00
1.224830911631187291e+00
1.197847772189872817e+00
1.389064793165963388e-02
1.239718952725772816e+00
1.160195739137273030e+00
1.320740736254633951e+00
1.309070295695366148e+00
1.213545253462440243e+00
1.227024508153807571e-02
1.204286870287252231e+00
1.162843450735766559e+00
1.175526007274231510e+00
1.291479487225893549e-02
1.260691927418418956e+00
1.232976443562395108e+00
1.323121813543835401e+00
4.644505794864649317e+00
1.496746956555200958e+00
6.499523171814671763e+00
1.218325250156051087e+00
1.242644824412370230e+00
1.206392264656542146e+00
1.947798560290368464e+00
1.228658009665710260e+00
7.846258548354128060e-01
1.188050576826734872e+00
4.347186243280606099e+00
1.364298403649804037e+00
7.257674578303376478e+00
1.246221942996213805e+00
6.608722038482045313e+00
6.157498552346454268e-01
8.271069642063267890e-01
1.342793475077043830e+00
1.363439876407328999e+00
1.594819313228940549e+00
1.193916058417319848e+00
1.736366487295795125e+00
1.198996204663570708e+00
1.174532500763312282e+00
1.274845758128404727e+00
1.353475231605234974e+00
1.380469112446664967e-02
1.192191725583021000e+00
1.109484115590097186e+00
1.156117665479537315e+00
7.145109257564545402e+00
1.992725042019034332e+00
1.299681752560576165e+00
1.366947424488083263e+00
1.288273328495685988e+00
8.324131833700099126e-01
1.150035403154358704e+00
1.068008383389883242e+00
1.275073813567805692e+00
1.407879439681738835e-02
1.178603876353940372e+00
1.128409302299331785e+00
1.355352497194936223e+00
8.126973594635411580e-01
1.258479236952168900e+00
1.262464657175266902e+00
6.990290930554495574e+00
7.355299584410224245e-01
1.718262149167389730e+00
1.538955363859395575e+00
1.050024847884313273e+00
1.136870799200099480e+00
2.027710698925662136e+00
1.092980738253942263e+00
1.082469106465484110e+00
1.178589134024161655e+00
6.857758337230552392e+00
1.230345732276860504e+00
1.256819026344421442e+00
1.292314260523475200e+00
1.085341326475816270e+00
1.217262762996377035e+00
1.371334345677830857e+00
1.120811054139837948e+00
1.204126628588092274e+00
1.336309595513265558e+00
1.206916639290859461e+00
1.282387173537775871e+00
2.207305638624697863e+00
1.067318746119968687e+00
2.825804196582564209e+00
1.192721504605313676e+00
1.176522571031230591e+00
6.539008092848905829e-01
1.330952300115266329e+00
1.375438899804937609e+00
7.908931994081224159e-01
5.897264832047534711e+00
1.345067608853081520e+00
2.194738137343623663e+00
1.683960527561618736e+00
1.188906414042131487e+00
4.695849625316916409e+00
1.348186385896728456e+00
1.264915802598934214e+00
1.244230211359200755e+00
1.277322302370663909e+00
1.243408301735169585e+00
1.128518205879438296e+00
6.404184605316830314e+00
1.183607189859439357e+00
1.277592939060757438e+00
1.227884008219093825e+00
2.151441755112668552e+00
1.447061263481174039e-02
1.291416744139882722e+00
1.263831031625887169e+00
1.139708349422794420e+00
3.667230471600289476e+00
1.093013990243697720e+00
1.229126916817555148e+00
1.324522591589356146e+00
1.306853688420798631e+00
1.286994001052713887e+00
1.070567005852101294e+00
3.331282455961833477e+00
1.175454931836335426e+00
1.178803180482138835e+00
1.236508387679024601e+00
1.259946816961495131e+00
1.114053329175995533e+00
1.181143256821872267e+00
1.368462269968735878e+00
4.049242591323260143e+00
1.242133349794506847e+00
1.233720873032888132e+00
1.169817447509269082e+00
1.324806592792318716e+00
7.431913617144131345e-01
1.267977330889136223e+00
1.167844442578815922e+00
1.221129262494847101e+00
1.114647852668647188e+00
1.014797753811941483e+00
4.577431432181993998e+00
1.119481226911587690e+00
7.428984158958992223e-01
1.311197217494495387e-02
2.199284229891366849e+00
1.255666430906039223e-02
1.414661516663437535e+00
1.268330683037326878e+00
1.204889069193546547e+00
1.560346905908301274e+00
1.265787265549928264e+00
3.813135429061792259e+00
1.270914663084146135e+00
3.567709815813293606e+00
2.669829611782346124e+00
1.385174609939987977e+00
1.206251746037066974e+00
2.388188717268278971e+00
1.496183839528042459e+00
1.268085592943074102e+00
1.503930224862484621e+00
1.133044687274539442e+00
1.347833528903252809e+00
1.127332825758864399e+00
1.630556597705161426e-02
1.247796503946909219e+00
3.657466386139313741e+00
1.338941534604270123e+00
1.356874506389057267e+00
1.385124909058322196e+00
4.928092478746419758e+00
1.972193983308506926e+00
1.241655557859217884e+00
1.218153478121508426e+00
6.837180044268074131e-01
1.421344901670861471e+00
1.716186990716869420e+00
1.338730630381443909e+00
1.128739622399798082e+00
3.423794598307234871e+00
8.323770856368625459e+00
1.344961372694222446e+00
1.343180757830913397e+00
1.208458670124212375e+00
1.159828578144534994e+00
1.116546216809241265e+00
1.215637018683858095e+00
4.419452050857035630e+00
1.130067414604070120e+00
7.781011438924421153e-01
1.352123614311745436e+00
1.017471572023520565e-02
1.211188936431325303e+00
8.553694598180707764e-01
1.408584292808559901e+00
1.169968908616966008e+00
1.225298298940202812e+00
1.209887832797239993e+00
1.273608813125870487e+00
4.749582386654784827e+00
1.403528745195926734e-02
1.281008568342199005e+00
1.171879336295682750e+00
1.136855676227446876e+00
1.219134004931017756e+00
1.306233810774028559e+00
1.133100721831633795e+00
1.198706490491977084e+00
1.307695513540100940e+00
1.276146580397658603e+00
1.189155936705625249e+00
1.271069572489771371e+00
1.882532901260199676e+00
1.337016537257091464e+00
1.477177862596030344e+00
1.642059221531142033e+00
1.363550570189056232e+00
1.395368232574217132e-02
1.384649290507760089e+00
1.225591160622366838e+00
1.259316573045062615e+00
5.263438795631554257e+00
1.121464699556241174e+00
4.664050674895960036e+00
1.219609556468883138e+00
1.275971253355197899e+00
9.716452931254403458e-01
1.367245871474230545e-02
1.352689537348423343e+00
1.062313474810533842e+00
1.336874291634357892e+00
1.124528608417855846e+00
4.407209251153579643e+00
1.112917904977143380e+00
3.396335666326550928e+00
1.293489535165728288e+00
1.302714096289577128e+00
1.267225998846230439e+00
1.368935230531075575e+00
1.308939203878998203e+00
1.241837065449903577e+00
9.075656019318405043e+00
1.923837008927546319e-02
4.072851434726791453e+00
1.097503680408867810e+00
1.133088540361124608e+00
1.356263769450218870e+00
1.156795008289799531e+00
1.247570696364126208e+00
1.098265076343892144e+00
1.118225429904766033e+00
1.403786269099629003e+00
1.374130604861030225e+00
1.152942037480388926e+00
1.295132356942686913e+00
7.463480195036378717e+00
1.143591354581593222e+00
1.156471675247061182e+00
1.144378461315278095e+00
1.427435227758500957e+00
7.326991758890176065e+00
1.233415255177190417e+00
1.295626000707421177e+00
1.305631619707195323e+00
1.317899735498169189e+00
2.327689871571629876e+00
1.196963148190598236e+00
1.161100193203554287e+00
7.987631546116599202e-01
1.201388451756084663e+00
1.140399805676191924e+00
1.176505836893571688e+00
8.474733379597909622e-01
1.340315573319953435e+00
1.722363719992689779e+00
1.531026484931053561e-02
2.165848566078719450e+00
1.207460386655676565e+00
4.346962971188760960e+00
1.141511410362385348e+00
1.511145812530721028e-02
1.234666042156330246e+00
1.279346346814414837e+00
1.199269074141739999e+00
7.366908836517905179e+00
1.286214407815294836e+00
1.837779144703422851e+00
1.276311085329001616e+00
1.205641587477526588e+00
1.325790592081972807e+00
4.461483554623518089e+00
1.155575908486139891e+00
1.220958699206859066e+00
1.159299542113902071e+00
1.307324084332685654e+00
1.444912529497107724e-02
1.154888319570203728e-02
1.323724463256039208e+00
1.100055331080567189e+00
2.060871551545150754e-02
1.253855301510012232e+00
1.359397573895474665e+00
1.386854142183757244e+00
6.721704971985122512e+00
1.112003527104424183e+00
1.217081047399823479e+00
1.134992276659692934e+00
3.265699116352344333e+00
1.264863454334352655e+00
1.227783803305125598e+00
1.353629602621810868e+00
1.192473011730109889e+00
1.190581299019880079e+00
3.782136480002119772e+00
1.308246789407164101e+00
1.214556658042692305e+00
1.428865299912911002e+00
1.263863428009242229e+00
2.488853365965605136e+00
1.376063494219640138e+00
1.272446653226496860e+00
1.201957865911060797e+00
1.329923723168271898e+00
1.151975277806248421e+00
1.203038601227974125e+00
1.168512105473175966e+00
1.338189226480321459e+00
1.090218751357749039e+00
1.090760368286819437e+00
1.689644849340540045e+00
1.289626801998522865e+00
1.615330919815502128e-02
1.125304024265771030e+00
1.340292340978437302e+00
1.284887149952088858e+00
1.165301221259661402e+00
1.221601071833358532e+00
1.114973612468727504e+00
1.151418448524206273e+00
1.271759842443701771e+00
7.809523986295776599e-01
1.237585083105550154e+00
1.305787804742177149e+00
1.413285897748883801e+00
1.285978592900143935e+00
1.221643803851504728e+00
1.251897463132200183e+00
1.302249376006673565e+00
1.887167554340664299e+00
1.474160951648514573e+00
1.224951608529855740e+00
2.714452238345612223e+00
1.271765054271216222e+00
1.163221305723590504e+00
1.216167628364722475e+00
1.406251971793209599e+00
1.385125334269182051e+00
1.145413391942132542e+00
1.431463544966450563e+00
