1.199732105959897335e-03
1.961485797795924600e-03
2.753720984088347569e-04
8.052736100221109632e-04
1.462140665434913833e+00
1.116372858553768901e-03
1.189908053579593174e-03
1.037639977720200297e-03
1.699475152320628971e-03
1.071976752300219174e-03
9.090505260331317727e-04
1.106072723516884904e-03
2.839964747547057185e-04
6.862504551411272719e-04
1.557060009289245022e-04
1.364871457257761100e-01
3.405073452325129701e-01
9.329102088646390456e-02
2.906317954971567160e-04
3.463731747391594201e-04
1.600227409620701147e-03
9.822081320320367182e-01
1.012906896597555798e-03
3.425022901821180021e-03
1.512960883604748223e-03
1.309884844053871159e-03
1.207007870981948415e-04
1.546341514578200571e-01
1.858586285388708938e-03
8.132365702968914756e-04
1.303165428377581897e-03
1.106994160306031504e-03
5.136687848405242784e-04
4.550611061388612488e-04
6.433025096069588944e-01
7.030711835252475075e-05
4.676038646255889497e-02
1.389052062360923712e-04
2.760190861491604655e-03
1.082855867660704297e+00
1.856626471462125526e-03
5.676190731042467241e-04
4.588011814508313573e-04
3.911688620408487575e-04
7.843002952387196844e-04
3.804957325302331383e-02
6.252403225802906014e-04
2.513755928216301894e-04
5.621742071400632312e+00
1.840785237912995458e-03
1.027393523166849759e-01
1.373647902793771573e-04
2.437337001721790603e-03
3.198100914731114366e-04
9.066791206212487353e+00
1.399405812564897579e-03
3.555549169962507472e-04
5.228612690079859245e-05
3.916202729912607317e-02
2.795752586519222316e-01
2.035686569753869177e-03
4.161936110641055453e-02
1.013942989791782656e+00
3.699579215664682008e-03
4.979119098710120539e-04
2.050953247849261363e+00
8.196817685228218256e-04
4.047497577933455437e-01
7.126097066084578421e-04
7.973867323799846418e-02
9.755939829937590587e-04
6.206572701549038090e-04
4.408492861474763019e-02
2.777699083274520753e-04
4.179451740784620103e-04
1.036107714014558936e-03
8.972816477053890960e-04
2.823454343607585508e-04
1.099960243948494787e+00
1.056655520200243226e+00
2.237265994574589786e-03
2.674575940426888662e-02
3.438129894298412072e-04
7.648712895766661413e-02
6.025019607180773562e+00
3.977151314363842199e-04
2.059920956259059521e-01
2.625171773214095977e-04
1.579627917377339139e-03
6.288027777936699980e-02
5.227588131144184080e-02
7.672846228982171859e-04
6.708580647097877464e-04
5.969024903904021628e-02
4.132301541175696369e-01
5.145004969250515509e-02
9.001419138659358055e+00
9.723157950906214514e-04
1.903695930250620671e+00
1.026024428145807121e+01
1.348638544616563746e-03
1.219891839945909523e-01
6.741917715658923838e-01
6.055977188853013671e-04
8.217722809122952887e-04
8.324082750007914200e+00
8.536378232864286946e-05
1.539085881497049765e-03
5.268061031575141037e-04
1.956714544045314030e-03
9.297389867185500145e-04
8.592326161595686962e-02
3.165681181662850785e-02
9.275921481133178048e+00
2.709668142265959576e-04
1.502401455759716856e-03
8.989363169624436239e-04
9.217627040685641759e+00
8.974742242551913662e+00
1.308850039964051803e-01
6.614144082572570582e-02
6.452518501558115321e-05
2.275384341206655898e-03
5.007435469192612898e-02
1.529399749499601134e-03
2.805030532237599611e-04
9.854425869484385592e-01
1.194461684838175275e+00
8.368730760499825116e-01
2.121877397458998317e-03
4.805697437274075029e-02
1.421340344965628649e-03
1.232538414872034860e+00
1.119711811595829401e-03
5.922562329330066655e-01
4.006211002092214396e-04
1.554402706372294940e+00
5.799794772711795998e-01
5.417586657159578767e-04
1.159065266370383138e-03
9.510620135739396297e-04
8.853799778670476406e-02
2.982275895708755287e-02
8.927318801855410157e+00
6.645463681824331781e-02
4.995519600430703422e-02
4.512027124926572610e-05
2.199152304184289961e-03
6.639525400594155080e-01
1.702304588410827879e+00
1.504656669748336700e-03
1.015477601321963741e+00
3.743873961476968520e-02
2.282066248379610585e+00
1.036632400199690451e+01
6.278521975300253855e-02
8.071914308794454762e-04
4.268289556841764032e+00
1.887559206597345593e-03
5.219599705919136801e-02
8.424582963241522039e-04
1.275182178589601145e-03
1.018536838983733067e-01
2.193606255430306795e-02
5.593410821693213519e-04
7.484293475031539300e-01
3.776167662803186012e-04
7.393593084164661738e-04
1.220184944133165771e-03
6.679188982153683868e-05
2.184417189043165800e-03
8.560628585685464351e-04
1.730002104876435676e-03
1.463193066439595798e-04
6.149151410664412121e-02
1.066390944898691368e-03
2.504464849153991562e-04
9.224030521204527044e-01
3.469231040693113166e-01
4.251055101097190203e+00
3.378662486166115336e-03
5.364590008599257054e-01
2.467156437695669502e-03
4.472545525765325020e-04
1.138603812703534279e+00
3.226925795053909446e-02
3.753320673675754164e-04
1.181655653673388193e-03
3.008183990566848376e-04
1.975103323979415532e-04
1.115550906777283344e-03
3.171078936313832114e-02
2.627830508660289072e-03
3.062947513315586109e-03
7.558171220696883325e-04
6.481833614100274317e-04
8.448581704649940072e-01
6.563210014272485848e-04
9.760525758606235502e-01
9.851977557240928357e-04
5.885767127990690906e-01
1.201810117277716028e+00
3.988576418777495941e-04
8.267391365838175910e-01
7.296930246055623875e-04
1.229442352382353054e-01
2.368562889862618481e-01
3.635261631935362420e-04
6.746288444758609393e-02
3.274967894931851697e-02
7.055343505508642268e-04
1.819744743540292059e-02
7.870552087074281222e-04
8.481407111159211878e-04
2.524775441920692684e-03
3.050869548110847831e-04
2.391111913844683537e-04
9.834338133618237762e-04
4.250594517629014205e-03
5.822379732622989801e-02
2.899719443341707351e-04
1.972709692947448995e-03
2.233433959431504690e+00
1.557482801318642307e-03
9.581217426681742835e-04
1.092473944845052513e-03
8.626439703297728717e-04
1.105474588240995315e+00
5.233279272670810162e-05
4.142138337908914947e-01
2.467288594087289552e-04
3.261703026787906440e-04
3.246352921603642451e-04
1.014321796569725320e+00
9.376157897118932508e-04
2.143927137226628310e-01
8.288922529829023320e-04
1.760327499634155995e-04
8.705966303598432730e-04
1.632229688636082851e-03
1.600140584006972885e-03
3.926812722886302044e-04
4.241705756780908901e-04
6.338846379318373303e-02
2.296130413630445392e-04
1.909546816379717113e-03
1.026223699627991426e+00
4.664046657730730808e-04
1.356459341539321527e-03
1.060404636956595141e-03
1.225670550652967927e+00
1.525933192237675581e-03
7.531683922777244328e-04
6.231514075122875432e-04
2.889889989964076755e-01
5.653211399978934348e-02
1.191475398851207901e+00
5.026587805462181396e-02
7.660082473368494491e-04
7.435371372034676150e-04
1.145925966408454011e+00
8.733869569769597829e-04
5.345546694616183370e-01
3.709554184839027741e-02
9.963945216931620330e-04
4.529891791339021520e-04
7.392330039894412508e-02
5.367547126694302007e-01
1.552881141396248221e+00
1.743477191149520912e-04
1.287047267607347167e-01
1.023259133587969938e+00
7.639772491081489245e-04
1.032655127159253894e+00
1.748946338995267975e-03
5.281478797281051116e-04
9.460223352774415825e-04
1.111381785245965093e+00
5.867488878369808009e-04
5.162981275612248816e-03
6.724723905511527464e-04
7.375853856584260043e-04
3.233357402130897229e-04
1.524488337059261636e-03
4.452247948610113526e-04
2.277418498308729500e-02
5.855197067488790950e-04
1.667187384937159934e-03
2.435569365969276340e-02
1.281660271636182735e-03
6.956793022515495722e-04
2.421105215811384867e-02
9.789578003178522718e-04
7.010901039987225275e-04
8.526027070921408935e-02
2.971320833029862829e+00
3.307532654954919472e-04
4.809267842563920425e-04
9.797778130326989521e-02
7.014666693629621752e-04
6.993360095223835875e-04
1.093457053638430439e-03
1.322537668072941985e-01
1.161668946044250566e-03
4.318780379588150337e-04
1.116140337645637359e+00
5.735500200425205225e-04
1.480152524006909248e-03
1.083271487161274527e+00
1.154435126008471535e+00
1.359072709267972710e-04
2.802320742927969649e-03
4.234594549476521919e-01
4.063537321710285893e-04
3.638274105951869175e-04
3.807572903638502954e-03
1.399974288341571116e-03
2.244464530237557688e-03
2.021969701379548604e-04
2.295672190235301807e-03
1.873766651812091080e-04
1.395125473939801131e-03
6.638688148877316952e-04
1.096794866538977620e-03
8.688021332507430208e-04
3.217901647909447022e-03
7.629414777994474040e-02
8.299801357043341821e-04
1.121399453059630097e-03
1.241369853811326307e-03
1.492241377472018973e-03
1.821588625007765014e-03
5.946750952833292081e-02
1.658162836407944124e-03
3.518269068740375455e-03
6.570027384799634329e-02
1.448771452557792716e-01
8.730988943652176221e-04
1.426755640781706691e-01
4.066958848552465131e-03
1.177094454838907914e-05
1.000774824388355171e-03
1.924648655149105263e-03
1.445207996884897224e-04
2.252905954260260579e-03
1.952358852140901636e-03
1.179859606173217206e-03
3.258321885780159077e-03
1.188874618722876239e-03
1.136125297055616415e-03
1.782863279049395552e-03
1.507254985085478005e-03
5.716268352715147064e-05
2.950367633007641363e-02
6.478104108424758908e-04
1.169420114454801547e-03
1.015950274952257182e+01
2.568314380878196079e+00
1.106074688687018297e-03
5.267294463999658838e-01
8.459617264418468896e-05
1.465458440547193555e-03
5.629544983850407608e-04
1.201095076404990955e-03
4.593760803182059954e-02
1.040677229866653758e-03
7.124800122876317771e-04
8.119874713109868913e-04
2.580086406105203678e-01
8.706501978995402277e-04
3.474918868703637254e-04
2.204582063124031787e-04
2.698803812344514053e-01
4.644471836213626137e-02
3.269060510317705476e-03
1.797852671845512774e-03
1.410413383108733223e-03
1.042895269416540573e-03
4.241363563719608543e+00
3.856768939646822159e-02
1.087767523121549562e+00
6.993966887401600885e-04
2.781670947578775838e-03
1.823971131477203009e-05
3.035604650602838905e-01
2.474888528039971905e-02
5.481222671322493259e-04
1.663942748607204924e+00
7.716679473405291256e-05
4.760693666007211056e-04
7.012217136308661336e-02
5.231817888559431914e-04
9.919445980801718576e+00
3.646838226976946151e-01
1.529933330480048523e-03
1.941899326221498568e-03
9.150074457077257861e+00
3.603507929137419932e-04
9.608290107887690334e-04
6.414294941870218175e-04
1.413081607652706184e+00
1.052046194057167650e-01
1.416062996248848460e+00
2.023787996096308717e-03
6.651098787430689274e-01
5.563112270988235589e-04
1.398953788746637537e-04
9.650633787781134204e-04
5.589637322271721193e-04
3.926419899864656143e-02
1.098177352156376636e-03
3.773192493994180496e-02
3.115753854464376610e-02
3.215586667883224732e-04
1.603895806060576940e-03
2.063011129006857292e-03
1.802859933315900665e-03
1.355611701871808558e-03
9.457923943589303661e+00
8.271247542398392494e-04
3.232148721798559499e-01
1.037727345226771369e+01
4.951031351797001087e-04
4.923393727677676662e-04
8.379490780145992801e-04
1.729261068312320376e-03
1.722318978370536088e-03
9.866974956982774853e-04
4.963536501743964074e-02
6.368575040874100562e-04
1.562695542190349271e-04
4.659576999583780674e-04
5.758358305964412539e-05
2.530769352884704518e-04
6.002359334125574944e-04
6.251390595260713882e-04
8.620039342912826519e-04
7.750156976290330929e-04
1.358027038697683098e-02
7.888763988474108146e-04
1.302962930816785159e+00
1.525191394323716435e-03
4.209566479970443947e-02
5.675168896881730742e-04
2.536308255045305327e-04
8.145677144099873132e-04
9.511501127038464176e-01
1.973377975158441960e-03
1.837739857973456514e+00
9.447028472175690084e+00
1.065741829035244059e+00
4.671067608028696069e-04
5.903082019295396044e-04
3.465586882260346044e-04
9.025745901943134086e+00
2.191066130436398855e-04
7.409600148970876127e-04
3.262374734503770482e-04
8.603129549586709113e-02
4.398589494298793361e-04
2.130255116427365314e-03
7.015415060941821573e-04
1.784723720532998929e-04
1.106488606843778876e-03
1.038003609443428898e-03
1.749088716245274233e-04
1.868107892517657798e-03
3.956864493519368642e-04
1.219408610041860186e+00
3.609255970841464961e-03
3.199927044397019027e-02
2.240719864768248720e-04
1.094764684501580154e+00
2.753643986465759835e-04
1.010509081373367826e-03
1.880654216223227038e-01
5.162893985171074923e-02
1.388901898263198093e-03
2.602245850730945317e-03
4.162759872865721793e-04
9.419048142406397872e+00
6.098190020555477320e-04
3.068665674833383553e-04
4.438843248291794719e-04
2.324832678406430625e-03
2.093571205784874184e-03
1.019818059412971531e-03
6.562215196415691586e-04
1.209753981903582687e-01
2.158698662865421100e-03
3.261826118925454515e-02
4.536310694340118244e-01
5.449195485643993919e-01
1.407823175537658081e-03
9.821663622967349738e+00
2.940046874293923695e-03
1.415260741801447897e-01
3.263027039364433529e-03
8.677498211370855349e-04
5.745090110747703982e-04
1.200601157973204755e-03
3.230527777374741366e-04
1.319901028356642581e+00
1.073030095290689392e-03
1.652241724945704648e+00
7.483524820502008429e-04
6.588138624450332048e-04
1.188242562567677499e-03
5.152157304293438628e-02
7.527030923864964918e-02
6.489117561933373940e-04
2.152646454650997652e-03
7.908228622642159188e-04
1.188266504418812763e+00
4.088186676987967672e-02
7.994049891918908121e-04
6.748324352356220579e-04
1.096969394508740425e+00
1.648966320200964675e-03
1.024504291552937041e-03
8.330535476717293442e-02
3.566913433493057103e-03
1.005149366015391926e-03
5.381546030292201979e-04
1.250015995261980623e-03
3.732366050057270290e-02
7.705097097639775766e-04
8.902480132164325433e-02
1.288912143541284458e-03
2.027645672032205720e-03
1.361349320581010935e-03
2.036382827764142256e+00
1.275095114697097701e-03
3.067536645736308222e-04
4.300621650197302380e-04
2.225922380242343658e-03
8.633700955627446327e-02
4.834419805553932109e-02
9.380098383466933462e-04
1.052387068995321640e+00
5.778051354384384879e-05
2.020277106934037156e-03
2.335536268185028040e-03
1.068086068957978307e+00
1.775814218140404736e-03
9.539647323245212363e+00
4.816066873971590334e-04
1.180374969447355316e+00
1.211291412489982511e+00
7.505152989412833958e-04
1.092889019385963278e+00
7.887325126175182000e-04
5.113476998468893114e-04
1.188255180740168532e-03
1.184584532338035512e+00
4.501201309506205894e-02
4.235834626807136877e-02
1.037880404807458135e+00
2.173329152220721157e-03
5.770179787862642594e-04
9.391728731861882506e-01
1.335668051123738209e+00
5.242196583488591827e-04
9.750257850614946875e+00
3.190863943350157050e-06
4.016845851884599528e-01
1.227582114777032996e-03
1.026222935382204549e+00
3.305341245896777080e-02
8.735477751824509071e-04
1.209723634321238986e-03
6.291253627758518034e-04
4.174300489587653984e-02
6.913413520820638550e-05
1.042337400687962434e+00
1.844781710819572672e-03
1.091192105641842439e-03
7.125669758818173327e-02
1.056526220567790775e+00
4.724387757668643134e-04
8.816991717320069810e+00
9.737846429642198487e-01
2.765200244008347297e-01
8.541600586647549870e-04
3.319328174446408569e-03
2.600819132170205383e-02
6.690447147847562726e-04
1.127790238856425133e-04
1.567103083429629770e-03
7.419790683221285862e-05
1.652309001491658602e-04
2.458631783369504865e-04
1.141911016664036715e+00
1.177166012851780293e-03
1.073906375067889413e-03
2.620517436371035819e-03
1.330365724553726932e-03
2.343258531240488204e-03
7.976276177096532916e-01
2.571017370361403653e-01
6.298759610787896951e-04
1.079242790237189276e-03
4.210029662443647291e-01
1.351509052781167328e-03
9.845300921249176440e+00
8.767604797988576282e-05
2.097564428159875288e-03
1.082544942935744631e-03
2.224796933906316235e-03
1.145579859862961014e-01
1.690551804707967287e+00
8.746190935320051485e-04
6.806953030421423190e-01
8.988240616937842375e+00
1.295673377781180635e+00
1.509762159196358783e-03
1.349042462131147535e-03
6.983514504582746807e-04
6.567223035111816737e-04
1.991542150566704694e-01
5.809645113406511395e-04
1.191600303999352725e-03
1.256557641012175791e-03
1.226162010382376641e-03
4.619812532911512712e-04
2.331627672786336369e-03
5.850649356599125529e-04
2.362337269414628571e-03
2.032426933772947253e-01
1.662816293900467868e-01
3.190830825546966953e-01
5.249001923235087005e-04
2.240517951933906904e-02
3.918012363055490416e-03
2.186000899995678703e-01
2.421545064608499748e-03
9.090039345273942528e-01
1.906337520425390418e-03
1.075129883754900179e-03
1.342318124588819626e-03
7.463523810195306363e-05
1.130247916685330090e+00
1.048624719568066910e+00
2.311977776450506103e-04
1.405340354622446997e+00
1.066225273989885106e-03
3.456260243754840592e-03
3.070868554331526723e-01
7.266085207896216119e-04
1.052707415177520783e-03
1.173702506501514767e-03
9.010967085126392849e-04
4.295782545514067671e-04
5.894318563758639551e-04
9.194382307854995773e+00
7.633768813689826432e-04
5.273333762243185728e-04
1.230631954984690545e-03
1.555555376625329146e-04
1.294003843859903025e-01
1.226006893897150715e-03
1.137578001377814729e-03
1.611951281737727471e-04
8.223961991680049266e+00
1.047285632315806625e+00
1.319458848573174525e-01
1.483759297689608500e-03
1.219367773327055884e-04
1.272290018130284972e+00
9.313630428537660322e-01
7.846929595923531064e-02
3.168021428344653181e-04
2.530346459428411271e-03
6.659439280019631424e-02
4.903328093224341988e-02
5.505681090866428040e-02
1.097176746456306251e+00
2.677014436776445003e-04
3.608597295713398059e-04
4.204051157542064432e-02
3.827023015521181293e+00
1.564409633089328400e-01
5.920932035073152994e-04
1.867891039635876174e-03
9.477791388418782548e-04
4.691472511634707174e-04
4.753784771521934495e-04
3.866443698850348387e-02
1.134916155175046404e+00
1.279341183644758066e-03
3.380774448651320541e-02
1.049325612763314819e+00
5.187834191323747318e-04
1.845573870947539441e-03
1.769345288557839374e-03
1.138241510414229017e-03
4.560987803618717432e-04
4.405081394613222928e-02
1.003286479167357115e+01
1.004864228551742913e-03
4.933237787312118316e-04
8.537248580303708617e-04
6.696577695929958191e-04
9.175976531536622627e-04
9.645904153997687303e+00
3.752069696999430631e-04
1.527088660875002522e-03
1.991958501976825828e-03
1.072952812412923729e+00
1.282128548581052546e-04
1.629411666499157828e-03
1.563753605856645426e-03
1.325886571995772867e+00
1.474504396539635942e-03
3.535614685299731663e-02
1.167754875738953979e+00
1.301995906771520953e-03
1.111405909364846650e-03
1.160745254983945769e-03
2.163624086407731073e-03
3.605168892057742519e-02
1.072867356459948065e-03
1.113696631867910014e+00
3.265690601757416378e-04
3.640511626999109454e-04
1.248614566123390945e+00
4.271370637264548450e-04
3.734364708819415055e-04
1.095130180156734731e-03
1.623273861799306161e-01
1.636250356960738429e-03
1.096328152220711876e-04
6.728140757856840293e-04
8.553380689620736568e-04
3.026791207203971545e-01
2.223825236001841787e-04
1.686660266390306931e-03
3.417094460493562413e-04
1.049459969052232111e+01
7.592056497246757463e-04
3.423362424519777597e-02
2.635917689017542448e-03
3.199832664554907308e-04
1.508264083503364425e-03
2.911465124656254302e-04
1.481897964120679756e-01
3.066059633068910113e-04
4.019968519499610496e-05
1.910728367196593003e-03
2.667625660135009014e+00
8.076688498592229188e-04
1.358362367574507401e-01
2.514504826205028742e-03
3.480281309721441896e-02
1.015118250082995832e+00
5.931053945551160306e-04
2.819713051270288963e-04
2.963223702127269071e-02
4.231540445844132053e-02
1.641631064037641474e+00
1.288990747235114337e-03
1.828435995522747354e-03
4.641451345082474311e-04
3.808299421516614380e-04
9.455831537044431107e-04
9.295587675851200646e-04
5.760317225585467014e-04
7.389487227936922080e-04
1.230219160146992299e-03
1.244092051820431220e-03
8.884166656555436518e-04
2.462321510291272386e-02
3.231015864818980593e-03
1.087689380732413669e-03
1.710014801257258178e-03
1.171346122123481659e-03
9.473726637847307286e-02
9.228898677706813547e-04
3.677212269300334652e-04
2.551769924634662789e+00
3.395491857517192458e-02
9.521474773633796573e+00
2.131109512592982771e-03
1.038936151151808804e-03
7.077225731730446556e-04
9.882223302522962216e-01
3.831155379252224394e-04
5.568309224246496131e-02
5.128324916029280978e-02
8.337965220789516144e-04
3.369948564975735680e-04
1.389025257010072956e+00
8.156873965814034032e-04
2.235554018096143347e-03
1.300488725979526312e-03
5.956250996916308358e-04
6.896818688256524128e-04
9.133727760280846431e-01
1.896068955021135843e-05
3.008593021070660352e-03
1.790921058459599580e-03
7.235373775019661099e-04
2.591124765238769258e-04
1.806924023138355498e-04
3.398650068933521673e-04
1.437643104175719277e-01
3.366799901394763150e+00
1.612774174167838984e-03
6.657100865518329691e+00
9.662840733300509521e-01
3.844179921791330418e-02
1.714799464002415841e-04
1.944042700160874583e-03
1.241109166204109160e+00
1.236815742369131721e+00
5.985792303395891072e-05
8.157240318337165286e-04
1.400990677727457015e-03
1.161464979016746651e-04
7.578492791402114889e-04
1.869919812624427219e-03
1.892952617043012001e-03
5.004513468021194213e-04
9.278633802273433817e-02
1.004473437193181162e+00
1.508917392246694571e-03
3.520698905379771211e-04
5.088804844333506827e-02
2.530911201938204277e-03
3.661862079932711594e-04
6.215471035228327390e-04
1.389309843874224869e-03
1.464700514146006355e-03
7.259622198113619557e-04
1.018541479233870284e+01
2.540666143952802604e-04
7.987505056809302700e-04
3.890587281974054387e-04
1.838575628124436145e-01
1.172031323870384965e-03
5.920588008378789915e-04
9.495280547188105658e+00
1.450942720412778247e-03
1.656945512103831675e+00
1.129091832626487824e+00
7.191119410823398894e-02
7.540007709637863709e-02
2.363037054107446945e-03
9.248505085031233364e+00
2.655559257527750350e-01
3.611511311906735466e-01
1.793703948804140948e-03
3.191121334021076311e-03
5.700776928598044052e-02
1.265426940072230888e+00
1.170696091157515800e-01
9.824332964432934689e-01
3.798128711605827657e-02
8.248095180947226379e-04
8.145893878804279231e-02
1.432416684708724963e+00
1.021677227397451482e+01
1.455078514309898980e-03
1.045145307181094374e+01
2.373648435020462855e-01
1.808673101243033279e-04
4.861757704816430450e-04
2.329025688886003989e-03
4.331757352995725396e-01
1.132214154870132654e-03
3.837337060606841287e-04
9.340158873716288834e-01
1.125038747336992934e-03
9.927029883202501126e-04
4.906866600748846681e-04
2.476331460895608155e-03
7.726471974060164505e-04
8.602281489844459950e-01
3.024967137422283556e-03
2.000036434645777877e-03
1.620469053812805807e-04
9.770698986858884078e-04
3.081622268257890040e-02
1.401116214734254677e-03
6.555248047910661180e-02
1.449925013221037728e+00
5.384181524293579074e-04
1.214106494661268063e-03
4.873089908592213772e-04
4.305353798028333998e-04
2.333692270076610786e-02
1.414030203151584564e+00
6.544962740791518060e-04
1.086601262673599425e-03
2.245334313829359940e-03
5.061278586386893513e-02
7.500931088278125006e-04
3.542390153528172242e-04
1.387882791652486514e+00
3.761195882333071786e-04
1.066784791519526446e-03
1.203435124664705954e-04
1.741301049503355194e-04
3.791109191678947860e-04
7.820972581376699206e-04
5.082075224921258402e-04
3.982662645824401604e-02
9.851233662885438419e-04
5.453735081876947416e-02
2.555908132230071475e-04
2.936655984215512730e-04
8.071061783126165512e-04
7.920302286672812817e-04
1.261506473588984781e-03
1.199921666482184568e+00
1.108986338706361742e-03
2.639850053309997918e-03
2.008837676273201363e-03
1.194272738990715066e+00
2.163708903417903284e-04
9.993664155035237445e-04
8.991792131576270108e+00
1.447326774349338638e-03
2.931066333016823719e-04
1.171981513194487068e+00
4.046152440907317960e-01
7.375503291978463549e-01
1.809084454778668027e-01
1.279753804545614049e+00
1.114361122294249724e-03
1.051176980222962715e-04
1.347337384648255622e-03
5.907964081363972775e-04
2.004874448412509187e-04
2.875670834425884254e-02
1.093114194713463300e-03
2.273513313106967706e-02
1.045803533728090429e+00
5.754551930512016508e-04
6.150129467328005126e-04
9.143289592589962968e-04
7.588306391771052839e-04
6.013091614930317075e-01
2.285511559557470290e-03
9.873871201950729315e+00
9.536612913138899472e+00
1.038008198605487511e-03
6.571578598039105878e-04
9.133585717417949112e+00
8.722712155778107601e-02
3.856402090542570063e-04
8.829982387902451935e-02
2.926446224035600049e-04
1.959179855386531158e-04
2.740083257054357763e-04
5.798039363644554023e-02
1.426218942988007665e+00
1.171752325686665763e+00
1.794346347296197925e-03
1.636947356568427270e-03
3.650756696866004625e-02
6.718192605136060619e-04
8.146154271355737428e-04
4.421351913540944294e-04
1.940086932442647988e-04
8.170626537836811823e-05
9.284333013800225132e+00
1.005853514166295426e+01
1.124315604272998689e-03
2.082487962563340719e-03
5.221856601451118490e-04
8.188251536641049100e-01
1.289527281216800228e-03
9.398840477909168288e-04
9.417797825287215190e-04
1.319469366244698395e-03
1.183553454229518964e-03
1.120607330175832583e+00
1.380786717747483142e-03
1.146580777578609482e-03
1.783674519650888142e-03
2.822584207890499464e-02
1.118942160571742908e-03
1.584260883942058967e-03
2.921742027378933931e-04
8.994406661131111314e-01
9.036789205052711722e-04
6.323127512384858068e-04
4.757279376816723332e-04
9.818876956367932063e-02
1.659654351177794807e+00
9.616150363975471682e-04
1.324770340071536865e-04
2.523494548769508392e-03
8.290733890359647251e-01
1.432277393850359473e-03
7.223549438440604042e-01
4.428232104653415102e-04
8.309779673477974526e+00
2.109428295194804362e-03
1.051079716996524738e+01
1.080333885732907451e+00
1.189407806885195776e-03
1.268627275698849203e-03
3.783369321551195361e-04
5.302018563746443980e-02
1.514199229264920343e-04
1.908555074242677257e-03
8.609364135782602602e-04
4.782200506034748472e-02
6.170627156372290867e-02
1.797097556679382313e+00
4.623037594438400176e-04
5.468422562451996129e-04
1.853426455224608041e-04
5.393000734147930519e-02
9.737282645927826386e-02
9.569511676696626168e+00
6.610574717039840835e-04
2.596667426864984196e-01
1.290094860516182926e-03
9.201200105240963170e-04
2.644270873411085424e-04
1.336990514694011090e+00
1.436742755940882341e-04
5.383378697951785030e-01
5.383308378980513481e-04
9.527636076676071226e-04
1.902393149917440927e-04
4.517348679231539960e-04
9.122062534003930523e+00
1.177436288146470833e+00
1.672203061763811657e-03
9.500160303168797907e-04
5.547693290118457798e-02
7.034746757647526889e-04
2.425875869176342958e-03
6.304141704410377335e-04
5.027622799537783890e-04
3.293185554115882967e-04
2.312505629085757734e-04
1.992450693545597118e-02
7.783749255235533626e-02
3.642934739050891790e-04
1.885046756727706135e-03
3.391832408799980852e-04
1.102305203758501863e-03
9.872045784046303396e+00
6.516933150412418559e-04
1.289069906925099582e-03
9.051863152306953431e-02
6.939011255777643328e+00
2.959056391882783224e-04
1.301490375065785486e-04
8.918041214343606526e+00
1.068169647854382877e-03
1.467847937749891616e-04
2.038070291173782467e-03
2.918870270181217409e-04
4.983015273576416049e-02
1.118418653486529468e+00
9.913953523389866795e-01
1.039918454212042679e-03
2.481278096158512532e-04
7.203118255688072818e-04
6.452774278296142738e-04
3.098740310745530871e-03
1.467386296696389023e-04
2.977403977334064367e-03
5.452601593483141600e-05
6.979680544168015595e-05
1.094084994399119326e+00
2.540308248335867297e-03
3.980964585188308535e-01
1.231087711957019881e-03
3.721201881703734698e-04
5.137683695542222435e-04
3.968657157523355363e-04
2.568262261611230918e-03
1.596456025107265662e-03
1.072092475296206222e-03
1.061394899998466812e+01
9.236563136971449959e-04
2.676158522936719630e-04
6.831096753934465249e-02
7.995786071448259813e-01
4.202093147606035528e-03
2.222698302101913312e-03
3.947703470694769075e-04
8.592719745336657722e-02
1.326028946817955356e+00
9.358794422736519758e-04
2.641201491721430206e-04
1.155656814031591831e-03
1.108666407892487271e+00
4.497653184714336602e-04
1.010205203811607078e+01
1.486854762838215466e-03
3.892419421749402503e-02
1.434488504906159811e-01
1.047355759362730065e+00
2.787109407288860044e-04
4.823873003108988117e-03
6.120653398548939715e-04
1.121247030720320947e-03
1.864383113519230695e-01
1.018203085578029332e-03
5.768846132666472643e-04
2.596464587041007535e-03
4.266155044569865801e-04
2.628016839999825979e-02
1.031523043977658483e-01
8.910877120429925354e-04
4.849013225540106664e-04
2.552423325658283171e-03
1.658566072097304028e-03
4.089658891403141761e-04
2.078234551129830993e-04
7.678640163580527922e-01
2.205171980518617382e-04
6.450511924158998378e-04
3.726413593115431369e-04
1.391726408765637472e-04
1.687228856204633087e-01
1.737368798430713457e-03
2.088522300682643662e-02
1.465172067786653723e-03
1.732023959634195961e-03
6.656345183183012826e-02
1.301705726490932739e-03
1.943825216710294512e+00
1.193327345926918248e+00
8.193494518379269148e-04
6.831588762703272484e-04
2.607262379548419551e-01
8.676510733213746787e-05
2.031946194428518176e-02
2.704815286366890441e-04
1.272786620130637522e-03
5.824845426400850762e-04
9.892691743850866359e+00
1.473983594832258381e+00
8.463463034516036793e-04
9.089408063936405213e+00
5.869342897548972260e-02
3.166288777992423698e-05
7.105326385209460166e-04
3.190618574875788132e-04
1.136477284928651306e-04
1.434291385064438316e-03
9.245931665114410336e+00
1.052954344554035870e+01
1.163261202382199322e+00
2.983036163037066160e-04
7.987007665447212051e-04
4.884120221463907584e-04
1.071172376485692190e+00
1.411750605075134772e-03
1.078804946100694363e-03
1.288505371699086632e+00
6.269956203173445656e-04
6.523187225475071682e-02
3.753815159646947675e-02
2.191659241203436771e-04
3.423623203231353392e-04
1.381530380156851257e-01
1.298607842021839640e-04
2.504755174142126936e-03
1.137758295458842286e-03
2.529676963840236589e-03
2.797945449333700055e-02
8.349875410396024877e-01
2.465325464124844546e-01
3.046688504404477804e-01
3.075482278483034349e-01
1.015380604948412469e+01
1.524251537217283584e-03
8.973483324583298781e+00
1.184772947732050776e-03
6.881755861231648314e-04
1.081342147134827236e+00
4.181141645293945386e-02
2.137812591449719931e-04
1.345654979026602791e-03
1.196862386805512601e+00
2.602603491966791124e-02
4.088554702620472540e-04
8.831623982416286767e-02
5.224527995072943826e-02
2.893443444147649098e-04
3.085535160192285353e-01
9.100467939328023448e+00
5.098235869232532025e+00
1.021755944200010771e-03
4.000444513129813515e-04
5.941010295730277113e-04
1.479439845810698317e-03
7.778005131821291024e-04
2.301197943484758687e-04
7.979208804769637219e-04
1.294850495949509059e-04
6.615566530622327569e-04
2.355018783667091678e-04
1.890989257995401018e-01
8.337515711425223623e-04
9.422313138235773877e-01
8.210332746126404457e-04
6.060351830129880046e-05
1.656007076337997694e-03
2.692462204652015453e-03
8.227904901917781205e-04
1.993639077008094521e-03
3.409684330549596007e-04
8.851153152531923141e+00
1.767702796875684698e-03
3.569533022901998781e-02
9.232360209134159862e-04
1.679853782881730179e-03
4.990821725819934856e-04
9.505960933636609766e+00
9.969630758654502226e-04
6.210264063012506733e-04
9.405256245598755949e-02
1.509507072709557196e+00
1.384092648741124367e-03
8.917208575424835637e-04
3.674931612612354712e-04
6.476102314048652608e-02
4.856669018500114898e-02
1.019485777690159978e+01
3.873930425098903382e-04
8.550061585298504241e+00
1.617057050241371696e-03
1.871459437255341973e-03
5.788507094678877613e-04
1.162550250726795270e-03
2.964065272135735056e-04
5.609144164941538661e-04
2.802847667940548682e-02
1.111627270147944824e+00
1.047178319994348378e-01
6.673702320685782896e-02
1.290137549755380336e-03
1.411975684156790457e-03
2.284009837847343627e-04
6.777980301120953982e-04
1.614347472255578744e-03
7.392023093424223389e-04
6.038963830868934041e-04
1.520310260868825217e-03
6.898230949131754081e-04
2.637537400527114207e-04
3.004732886540423947e-04
6.687378096610283040e-04
7.065403231152969643e-04
9.883223280761988319e-04
6.438179415066536517e-04
1.131446969313901763e+00
9.920875418360147746e-02
1.228523391217820171e+00
7.747378824191752250e-04
3.576833121044469335e-03
9.322110015522813709e-04
9.036359647647920212e+00
1.154627428927813490e-03
1.477521859076397215e+00
1.224460367255942803e-03
3.874709652586360242e+00
1.194186098089197214e-03
9.214619708957567212e+00
8.348588286150983653e-04
1.359918852673675405e+00
4.527004929382572734e-02
5.381417437678468474e-01
1.329753342273918768e-03
2.343774621232725276e-03
7.470789225435806036e-02
1.041160356512443007e-03
5.844038428625731446e-02
6.332277503350971018e-04
1.631844179220182881e-03
2.885157538840781022e-02
4.850782543599375246e-04
6.366179782049401388e-04
1.987127589343613832e-03
2.247282688261109315e-03
2.196805188224928290e-03
9.521735887086515859e+00
9.866399638615082068e+00
2.741000392417979135e-03
9.220246768374233681e-04
4.200909603606169454e-03
6.028987896811164315e-01
9.768919465720062381e-04
4.985595021888139522e-04
2.222425093329444094e-04
1.417077180881527732e-04
1.193491346893648872e-03
1.346634187976957983e-03
5.772951180078066125e-02
8.032649506382237570e-02
9.429268666189365156e-04
1.052532898669873013e-03
1.081327820392300909e+00
3.536978879440665774e-02
1.246319176281170948e+00
4.321263015926712914e-02
2.986445708352991613e-02
8.954178770146634971e-04
2.303730065760991153e+00
6.764098314539631826e-04
2.102906440109549371e-03
1.979108072086986810e-04
4.518057122726853447e-01
1.459083025662563128e-03
6.611796711354263334e-04
4.757745840983250343e-04
3.483490070335312078e-02
3.689925082070708885e-04
6.610121977360374323e+00
1.640617685749948609e-03
2.128015002484384688e-03
4.152878875411566951e-04
5.215373586152146496e-04
2.805418259479887655e-01
1.019890012464001927e+01
6.457524064282351220e-04
1.357192808727165412e+00
1.305785725918417670e-03
5.009335232248196546e-02
1.101795701022205837e-01
2.807019761780295969e-03
1.044033683032057763e-01
1.297123136034237678e+00
1.069112607700175799e+00
2.009113586970772206e-03
1.725365713842406112e-01
8.429321289343782553e+00
9.048475184934151594e-04
1.384577612200457830e+00
2.137487758643035959e-03
5.256742714165020258e-01
5.351078141832997168e-04
1.732234683636771355e-03
6.553598792430385088e-04
9.341141936060422257e-02
1.309352077031669781e+00
8.361271628323906774e-04
6.038281928062872589e-04
3.126434401508511318e-04
8.281800494544846458e+00
1.343378341911675294e-04
1.231550583459163455e-03
5.356117333111662035e-04
1.906400386094426330e-04
8.893739287911062164e-01
1.887653235580633981e-04
1.019833120924931898e-03
1.334317927778009595e-03
1.260123655203217563e+00
2.007787481113331059e-03
1.312128601481166168e-03
1.101472797159277928e+00
4.499094597272502646e-04
3.769748514320628470e-03
7.692150528300061713e-04
1.301069912561976039e-03
6.528248676257622334e-04
3.181268760704061838e-02
5.702733816542434608e-01
1.120616803914444848e+00
1.658356693280033795e-03
3.611184987275667391e-04
3.570735441091829609e-02
1.629704028233204885e-03
1.178373281009854751e-01
2.683647771221870162e-04
7.816305601891834071e-04
5.519042031548919772e-04
1.690355491375245336e-03
6.468629858371903116e-04
1.259920253772674581e+00
5.509904840724786160e-04
6.668564944118676729e-02
5.145074354968156780e-04
8.379393133957277584e+00
2.626757025442706174e-04
3.767827933975976921e-03
5.237591568783235563e-02
1.793556438230616695e-04
2.630911813493087142e-02
1.398784336035254015e-03
8.107199564694435034e-01
1.228971796398843283e-03
8.185562072852017867e-02
1.375830544590571414e+00
3.450303271281449612e-04
6.058966762638572784e-04
1.293470081239725733e+00
1.509682059636287654e+00
9.493151736498497625e-05
1.215117970434436812e+00
1.534394210131771047e-03
1.104327896470171967e-03
8.258622731509117354e-05
4.327089806657772805e-04
8.108296056816907812e-04
1.070100024518800153e+00
5.816434315454475576e-04
1.342710818852667094e-03
8.921582741224956536e-02
1.220337773317893282e+00
1.437247251119788960e-01
7.981694782953291378e-02
1.141787094249873541e-03
1.025881769856641812e+00
1.116424883130051702e-03
1.033016769465887386e+00
1.749394004921729293e-03
2.715142995012177068e-04
1.529714664330600882e-01
9.402682410747116748e+00
1.555567811187911001e-03
3.178630159551484868e-04
9.485831732968740514e-04
1.020926912565445210e-03
7.728720361195154419e-04
6.376787713617674581e-04
2.357160836868200382e-01
8.106130856657140643e-04
5.596701966356640301e-02
8.348801037767885702e-05
1.414674990907480515e-03
3.277396135948450326e-04
1.070062811867536601e+00
5.825717997434681078e-04
1.024170727147028816e-03
1.131570812593028601e-03
2.911776249012818646e-04
6.736084701924341606e-04
3.131786006122994626e-01
2.755304554105057931e-03
2.233229450878614596e-04
9.505414859781440712e-05
1.070940779717376428e-04
6.054067789711669451e-02
1.344176740035027059e-04
1.271500227527143888e-03
7.203666542432932834e-04
5.560094484427157910e-04
4.650943148057452847e-03
7.908458229169013781e-04
3.972410126519609896e-03
7.261992331021399627e-02
1.553940432506852563e-04
2.818662059363351291e-02
5.925214888185339035e+00
3.547951464057770218e-04
2.254457065129716691e-04
2.930134763134239692e-02
5.681254846539667523e-04
1.471413393389200096e-03
1.037991196941246130e+01
2.566735281646310984e-03
1.069343996670877095e+00
1.628158288333257653e-03
7.358482821708334579e-04
4.110232936638179291e-02
8.714185735736786759e-04
5.919548312956306440e-04
1.577654256258626264e-01
9.199263851781686041e-04
1.319229223875950652e-03
1.246129296847443696e-01
3.324706303381764778e-04
1.377519341779984918e+00
9.236610403961110355e-05
1.703144996826142649e-03
6.799899030050376991e-04
9.085971422810457110e-01
3.340384180635409123e-02
8.058563563468276736e-04
3.555514619970819190e+00
9.268575485569120320e-04
8.737057994096117497e+00
6.276543201356715035e-04
8.193258018028646422e-05
5.549719846185893757e-04
2.451704811293331857e-03
5.531550611309167878e-04
1.144224777839019432e-04
3.462227245119771390e-04
9.999689092847869887e-01
2.622138607264823049e-03
3.618309710306658739e-02
1.562724062518758977e-03
8.612530926331640302e+00
7.084619538685983306e-04
9.720929957582431433e-04
1.294489548711982331e-03
6.984379148890407230e-01
9.296626547312559552e+00
2.325432149916059274e-03
3.189621834120645073e-04
6.019156438559253482e-04
1.277767227272472075e-04
2.268432015502093169e-01
9.259106399330753381e-04
4.241474099367299050e-02
1.179814619592920888e+00
9.256934991981038627e-04
3.738014678235409248e-03
5.871614293959867559e-04
6.180669219091602246e-02
3.099849399193664243e-04
1.546050306649211226e-01
2.656583072599204114e-04
9.698272541425231319e-01
7.370463761117518678e-04
8.315366589951077358e+00
1.300483275484736433e-03
9.952564627004659679e-04
7.472242557605215940e-04
1.090779841822056562e-03
6.134156994180225975e-04
1.231740623251859734e+00
8.779209804733153003e-04
2.124772040511978322e+00
9.641553789194574620e+00
1.185099201180221801e-01
1.007003628319890279e-03
9.001242231576988218e+00
1.616841184296905799e-03
6.240966912005486977e-02
5.314003717256741283e-04
1.486245841332055860e-03
1.999931573124114070e-03
5.342925117474833785e-04
7.360694121960539849e-04
1.415938691939407947e-03
1.924743086716300400e-03
7.887182146549681638e-04
1.223583105465313441e-04
9.801269806492136638e-01
1.172843373392222999e+00
5.001645286257009292e-04
5.315993368941044142e-04
2.765158362557963885e-03
1.044954509484610883e+00
2.499936738219734819e-04
9.213606263397105395e-04
1.419396378318922916e-03
9.967684918743627276e-04
4.437926618423211102e-04
1.046352944854259670e+00
4.753732434547176117e-04
2.248909495488771865e-04
2.621876535021830205e-04
4.363011988269523481e-04
1.012662388644261391e+01
2.777414146316005070e-04
6.539230439780111676e-04
3.442779044917228769e-04
3.648941803624139620e-04
2.905011789653750469e-04
1.770160436063919138e-03
5.199509062851315026e-05
8.214218609298058749e-04
7.180442031056084341e-04
9.138381435108088556e-04
9.776722411700859539e+00
7.850208456491175601e-04
1.724536240882147166e-03
2.131971461804939641e-04
2.420793795626267203e-03
2.460868186462022208e-04
1.663683365299420056e-03
2.204266772247030076e-03
1.820887449615664344e-03
8.307842398122332155e-04
1.020434689905687885e-03
7.878992487350372498e-02
2.452877695721528140e-04
1.508072697402015536e-03
8.354133406789377991e-01
2.236190454571570368e-03
2.428239657649954031e-04
2.106921653495947341e-03
1.087526700222724539e-03
1.748894426059104612e+00
1.334225948893462688e-01
1.903651406268058385e-04
9.271283397763648182e+00
8.364639039679412635e-04
3.276639975969748188e-04
9.399098220668478110e-04
1.358551694906940527e-03
7.069151959397365669e-04
9.302853864582278920e-01
1.034753353540037502e+01
