1.658619589393251284e-02
1.445321772903997160e-02
1.375234703739550493e-02
1.525140908372644814e-02
7.611835047403094912e-01
1.648513295466554063e-02
1.375657530240828250e-02
1.551748109544356241e-02
1.502269613115430821e-02
1.525635704381639139e-02
1.236617027406459145e-02
1.408971488908218953e-02
1.323183615502311269e-02
1.300740457190682417e-02
1.597253211318513250e-02
6.547788091032201718e-01
6.687189544209060088e-01
8.885680745035668959e-01
1.202608446123402258e-02
1.788640708420274200e-02
1.511286833106889778e-02
7.007620094709479108e-01
1.456577022192544722e-02
1.701982652816423289e-02
1.434168821048794132e-02
1.732200461925784488e-02
1.446642950406146558e-02
5.793064331427588698e+00
1.874600178779825543e-02
1.845085232189198204e-02
1.777768514878855233e-02
1.391951201911427460e-02
1.867688521741004901e-02
1.070193052320387271e-02
7.096202699728662022e-01
1.597249911304645525e-02
1.004685264777618547e+00
1.735654617270275882e-02
1.776733121134239576e-02
6.092031325202066583e+00
1.351100869495076851e-02
1.426620202929287755e-02
1.616440067434952305e-02
1.397933655670984682e-02
1.850172216469387829e-02
1.065262201172423762e+00
1.563953292161372396e-02
1.615481483995562240e-02
6.441765377302562934e-01
1.548051587289369854e-02
9.215299796179725611e-01
1.438964887589180494e-02
1.519762270403687832e-02
1.472650953374079336e-02
1.003865205008446893e+00
1.394642999399301267e-02
1.522464047520534144e-02
1.500486212497917013e-02
7.244726820270399603e-01
6.909297960219999979e-01
1.752267307647530081e-02
7.540370909068363492e-01
2.877225877488646777e+00
1.842792712923546627e-02
1.511806827809950363e-02
1.397480815391054287e+00
2.094979053849699985e-02
7.119864307059998731e-01
1.511822159028369111e-02
9.696777134567384770e-01
1.677946852876440603e-02
1.628532132327878412e-02
7.426656055449414318e-01
1.330220725278608018e-02
1.422706490791073551e-02
1.813729071459189643e-02
1.525257936189386605e-02
1.495043394960766936e-02
5.098498234311970023e+00
4.123510734922943399e+00
1.629057280942069336e-02
8.069126575518701383e-01
1.497599094004723949e-02
1.604032630126402292e+00
6.973300456925914936e-01
1.533568801360133196e-02
9.235838247134435797e-01
1.314926212485473256e-02
1.734109213953894182e-02
7.317556107405220889e-01
7.800504228201960988e-01
1.436896091309323997e-02
1.595882439164065039e-02
1.051702579532554083e+00
7.075522150450868075e-01
7.836485251268612284e-01
9.019666433839376163e-01
1.575733283852857880e-02
1.076328785855755976e+00
1.423118005862435087e+00
1.637514244293857002e-02
7.384989426974795101e-01
6.740444811518440105e-01
1.695517768435293726e-02
1.465333795432948068e-02
8.781439710491014683e-01
1.736705729565123785e-02
1.731089388359652662e-02
1.795865003030517465e-02
2.011692832085564681e-02
1.635667509997035945e-02
1.000331298423672521e+00
1.002180139190527175e+00
1.790440790346953914e+00
1.580664497991829745e-02
1.923529996075381068e-02
1.479629883489676917e-02
1.849094806403905666e+00
7.915995696854027930e-01
9.379135800673727985e-01
1.069092089725433459e+00
1.681508807309716608e-02
1.593814058626302071e-02
7.945234572732138290e-01
1.209126513217096202e-02
1.412331856794152470e-02
4.767103711408365641e+00
8.579404846964232334e+00
7.304889151557558691e-01
1.342487842470744229e-02
7.896291330018210264e-01
1.101044961160090388e-02
7.167457965027108635e-01
1.252390119064539405e-02
5.993994989323319089e-01
1.357301318086463759e-02
8.381267342227260997e-01
6.766098790489022408e-01
1.421883829429646320e-02
1.802960515768647909e-02
1.544275777004222930e-02
6.102964817924785734e+00
8.688071313204785984e-01
7.438343202831522172e-01
7.375574646355009811e-01
1.059625659759041216e+00
1.612442781101269818e-02
1.246019812391441911e-02
7.170661524470434145e-01
7.742782545969456587e-01
1.531011035366347701e-02
1.967315049724543297e+00
8.129950128212380944e-01
8.453384607332954381e-01
1.053973523555864045e+00
7.594585433465961266e-01
1.514795511105264392e-02
1.614171590554641655e+00
1.430053747187740379e-02
7.792364890198570926e-01
1.509477605391765231e-02
1.576259094259897103e-02
5.990943805183654547e+00
8.625631700953819703e-01
1.257925818615282521e-02
6.607284776729016595e-01
1.755456434640236679e-02
1.629434948205199518e-02
1.578904831117489138e-02
1.386570553862900845e-02
1.602433096385260519e-02
2.218881107759236582e-02
1.297715882699078394e-02
1.385117199189265201e-02
8.794164899230176857e-01
1.693917295382621480e-02
1.399090616041377341e-02
5.006932244129277620e+00
7.567585648280306110e-01
1.866235229883780766e+00
1.374000900075300798e-02
7.170703529057478320e-01
1.943985286445529953e-02
1.486844414058062849e-02
2.710495860665897094e+00
6.317831333293540963e-01
1.797235618634050736e-02
1.985082231649461931e-02
1.800303144935609667e-02
1.453258405341571052e-02
1.622104328028595166e-02
6.830238472636561697e-01
1.858102300029472811e-02
1.541699612057135724e-02
1.522544293110104571e-02
1.375233080901859528e-02
6.884865437007974265e-01
1.462604442760553902e-02
1.341576004017199120e+00
1.337274153257182394e-02
1.374979145420883953e+00
6.505677752352587717e-01
1.682937779650112847e-02
1.484461507593153762e+00
1.352234920789898223e-02
4.483023111263225502e+00
7.587801073992710421e-01
1.313221584387001817e-02
8.056864508487842080e-01
1.053401982773537249e+00
1.377479470585995548e-02
7.904698450449019198e-01
1.634109181771906463e-02
1.324409799582771351e-02
1.396835846079602650e-02
1.504221698468397560e-02
1.502945845366140953e-02
1.571728450515350733e-02
1.324930760084742920e-02
8.616169812004819129e-01
1.649095631021203073e-02
1.624787613650672397e-02
1.083512809670342580e+00
1.731993892856115158e-02
1.461885896315121350e-02
1.755513976162488207e-02
1.563471161463078629e-02
3.503987662184422369e+00
1.652513843213918726e-02
6.495643814141995875e-01
1.511592117048065828e-02
1.706844647425351594e-02
1.489393672801209330e-02
7.001992832595478333e-01
1.687531134503598984e-02
6.453708696833925229e-01
1.269918843682976174e-02
1.442794565208751524e-02
1.523939524663819184e-02
1.587534577605665201e-02
1.435754814731241003e-02
1.587403329844294317e-02
1.738435764292307895e-02
8.391963278646175084e-01
1.860405456402706298e-02
1.818713494004905659e-02
7.367884068878217896e+00
1.627286185091837006e-02
1.494904421047628384e-02
1.580894517165622876e-02
3.292107391770368263e+00
1.364533200038271776e-02
1.548103265512966106e-02
1.745229106487989484e-02
7.425637859979856703e-01
6.375956969193201651e-01
7.090269334315983940e+00
8.208998026344156429e-01
1.807727903204176673e-02
1.542135568752884753e-02
3.930953013015521691e+00
1.744883810266491253e-02
5.982633798676453285e-01
9.358079270413965922e-01
1.212081070249532502e-02
1.853208947244729468e-02
7.043416685073059513e-01
7.167985395390615855e-01
9.107863030243708025e-01
1.910960651573371388e-02
7.462394778818188801e-01
4.192409339165052096e+00
1.715014253671000646e-02
6.223570397280248079e-01
1.667406535400982673e-02
1.798349131119950789e-02
1.627184161996308998e-02
5.146214457789257679e+00
1.536179154711954202e-02
2.048957742975555593e-02
1.281542057366452138e-02
1.917505624784490714e-02
1.532375970802130755e-02
1.676145889183108459e-02
1.845594277695394858e-02
8.203406879069768953e-01
1.731505632079278351e-02
1.356824748669565976e-02
8.007252012882667414e-01
1.189813664513175023e-02
1.356921775872848429e-02
8.439180356025773877e-01
1.687592076986309947e-02
1.633589649543004327e-02
9.981360017096241322e-01
1.170779266519828221e+00
1.488433435682184197e-02
1.702147410669940797e-02
5.843933841483872627e-01
1.072210387856757999e-02
1.437343809967056747e-02
1.542195965973884933e-02
1.129799410462251963e+00
1.569135770238069827e-02
1.547269177960348789e-02
7.367133269917933713e-01
1.752506982900915375e-02
2.096416704035819131e-02
5.749336219776198575e+00
7.862230975146844436e-01
1.524682273076809549e-02
1.401342580528393625e-02
6.753548665753961178e-01
1.874955719175053562e-02
1.557056099814037829e-02
2.230541086187654010e-02
1.643083837940310932e-02
1.709040060138802830e-02
1.626123077578673151e-02
1.584334349282626175e-02
1.893484259770396305e-02
1.622217182221110873e-02
1.388831648668428786e-02
1.286404680872217828e-02
1.389278604883984955e-02
1.583041275551007668e-02
8.312891635307135818e-01
1.635778406903347360e-02
1.672003867249087505e-02
1.691074333665264218e-02
1.791427340415394781e-02
1.569298468177521971e-02
7.022430959183310062e-01
1.196388486494849579e-02
1.395842210896015671e-02
7.643015111906565906e-01
5.834529973039238371e+00
1.959317575667119185e-02
7.649145057090960265e-01
1.397333424775980965e-02
2.011348721715882498e-02
1.525835075490671391e-02
1.410957593691603007e-02
1.294670236644986788e-02
1.748524515736193247e-02
1.486887702916931189e-02
1.557358894722503037e-02
1.356432804801904236e-02
1.657201212838855381e-02
1.565731112102323325e-02
1.789979089732688516e-02
1.350151289801175374e-02
1.412404931385571709e-02
8.287197961520027523e-01
1.246588722375092939e-02
1.285970673946778067e-02
1.298834208843385962e+00
1.187426550773112321e+00
1.697898339023385175e-02
6.747501386015142266e-01
1.465923645502623801e-02
1.671121459498287748e-02
1.497933613157839856e-02
1.678506100887646249e-02
9.544284681054432395e-01
1.663723134103702733e-02
2.130427331731926319e-02
1.532688851360866286e-02
6.471973347575277202e-01
1.602914375882737164e-02
1.536074433997666397e-02
1.446513056051297250e-02
3.878210353732779225e+00
7.904509007653803820e-01
1.611195905379557425e-02
1.819793922983286433e-02
1.709228216420891067e-02
1.829793647648738503e-02
1.320396037505099152e+00
9.154997212850723987e-01
6.478246408755683472e-01
1.821634918510231169e-02
1.601409332594687374e-02
1.546045519307831170e-02
6.778261983798717694e+00
6.204137099190929483e-01
1.416922747473246466e-02
7.994233144564328875e-01
1.583519238309303440e-02
1.629496859012458110e-02
8.717557955456320951e-01
1.644464715353299508e-02
7.605137707368077038e-01
6.335551956969491805e-01
1.836509296561757501e-02
1.318466925841321399e-02
1.433264344843632188e+00
1.809770670967521602e-02
1.909844417818027176e-02
1.230486239589239847e-02
7.619223533821803951e-01
7.077633497486207625e-01
7.697737416396999155e-01
1.332901710581404532e-02
6.017341464370375981e-01
1.454273010136028846e-02
1.519123482121329492e-02
1.818320199670757364e-02
1.503161469545616011e-02
1.107516499968143719e+00
1.257862478022698551e-02
8.094955096393183780e-01
1.092696551075481803e+00
1.661297614506591566e-02
1.810804189195979602e-02
1.885595282897604627e-02
1.523812992853145441e-02
1.212188971302764415e-02
1.495119134871116362e+00
1.637029569645419985e-02
7.816609648898434903e-01
1.246102878626027088e+00
1.450176188481548320e-02
1.783965992120263924e-02
1.301933023472476997e-02
1.358141877047389437e-02
1.327608115245984197e-02
1.560685382036106419e-02
6.952197283530836547e-01
1.830685175612404431e-02
1.571779454868879600e-02
1.382656034151088890e-02
1.415596263910878436e-02
1.741812061943233750e-02
1.344193355091247676e-02
1.302245969821617770e-02
1.448432585485256129e-02
1.525365892437523588e-02
7.168513849192086340e-01
1.413017354151424945e-02
4.655224018252479112e+00
1.279879230672389609e-02
7.680920598080411832e-01
1.858625318562841938e-02
1.553486931577713857e-02
1.556994395821489213e-02
7.781107239543972875e-01
1.429078603767509892e-02
1.295996208093598279e+00
8.606626927134644056e-01
5.382502272717339054e+00
1.366889469076368498e-02
1.744483613989220028e-02
1.539376337267888556e-02
8.418637388431722268e-01
1.104521207132091315e-02
1.602560258151241451e-02
1.310902090107191748e-02
8.029780760493259173e-01
1.711625655471347290e-02
1.290134062977537667e-02
1.770559814799013004e-02
1.540857360479398232e-02
1.404141030577342117e-02
1.365855063077347879e-02
1.663767342828140899e-02
1.546476956046113037e-02
1.363845701690932430e-02
2.762842174774614357e+00
1.133524485851758988e-02
7.012090561673411937e-01
1.429917516953412536e-02
4.304035055058358594e+00
1.665583137740214020e-02
1.773920808613570210e-02
7.430427658326217433e-01
8.245569065605156123e-01
1.401826015249318241e-02
1.860025906538238100e-02
1.157448925702489126e-02
1.474656749419834600e+00
1.502034947840207024e-02
1.734468242470431354e-02
1.588323874710520500e-02
1.855280824516015309e-02
1.680785122936577849e-02
1.380588039478368445e-02
1.631822560376315623e-02
1.427885884377624759e+00
1.637858293905247731e-02
8.700951446946509904e-01
7.284493267483105328e-01
6.159204314053111640e-01
1.649430876682770816e-02
1.142038083053378728e+00
1.295173046470163465e-02
4.995195527674995084e+00
1.366321655353921333e-02
1.673266823430839823e-02
1.416303378059824945e-02
1.712133838999962271e-02
1.317259038777828309e-02
7.466646435803456772e-01
1.971259739016343465e-02
8.347252184811358999e-01
1.705749939723681663e-02
1.211384921107797399e-02
1.641329234346607796e-02
1.148126760308163075e+00
6.652389652014369936e-01
1.441505366598896248e-02
1.630254868760508402e-02
1.833897561781294011e-02
6.601631994489440824e-01
7.205987099672414020e-01
1.371939332447013118e-02
1.529357792595084989e-02
2.915485570693619355e+00
1.442911259741112839e-02
1.273367772972710740e-02
6.541486550499171493e-01
1.543245363717189386e-02
1.576091609925515252e-02
1.285814956079709206e-02
1.376415010174782821e-02
1.066140259283193448e+00
1.306424968827308089e-02
5.203667742461895784e+00
1.517512676356993356e-02
1.396715283253580422e-02
1.883515483945099808e-02
1.144612592785291483e+00
1.542828821068449943e-02
1.571234321849533655e-02
1.485208681507517448e-02
1.461984745379227291e-02
8.540260678512769932e-01
7.628751329304778173e-01
1.314512691897776198e-02
3.651009805855570001e+00
1.304382431915314736e-02
1.603944587993247003e-02
1.195072781371917144e-02
2.963945051095588923e+00
1.541767632627445705e-02
2.077721806944667904e+00
1.209672698274399764e-02
7.477699281470508996e-01
3.646428188563581418e+00
1.703310649569992133e-02
6.575814734681278750e+00
1.388504247620188370e-02
1.616084203780413647e-02
1.872673591052614536e-02
7.617562261137533763e-01
8.079865887319985784e-01
9.156327112175923766e-01
3.715888473843068862e+00
1.943591827629442825e-02
1.659078122909701802e-02
7.102913515596147587e-01
7.436097588336065822e-01
1.675284767175955897e-02
1.222740717221119322e+00
1.440936584636154025e-02
1.129431017274748150e+00
1.670873543538018563e-02
3.676477564560577171e+00
7.053886066460660631e-01
1.519756125780625730e-02
1.927484161217024594e-02
1.357713165852366191e-02
6.518095754829444921e-01
1.828060747822060975e-02
6.112268016596390297e+00
1.466788606783911431e-02
1.410682439880425396e-02
7.548841544199136333e-01
2.913116762078043820e+00
1.242470153644898573e-02
1.351100732858297349e+00
1.466780716827960074e+00
7.298803438514201325e+00
1.489290199626515897e-02
1.657983275420745611e-02
9.889982783108108855e-01
1.076354115406998220e-02
1.351314353707956314e-02
1.961859775830231828e-02
1.916387032846987928e-02
1.589361032386801820e-02
2.077030029757073043e-02
4.786813570085285185e+00
1.216735784319948784e-02
1.548268416318393167e-02
1.191623123467175360e-02
1.362438788731622392e-02
1.658424316583528499e-02
4.027019276768657896e+00
6.832906499281579116e-01
1.737161197607641969e-02
1.593576762690513196e-02
7.067344664597001724e-01
1.227822081535330338e-02
1.517162308189678122e+00
1.725036779470220938e-02
1.394748412047615294e-02
1.562276772775264208e-02
1.380954353905270403e-02
4.155271151089866777e+00
7.774699039370873699e-01
1.361976235524085116e-02
6.756469317013373832e-01
7.856715787071826274e-01
5.170569357434334989e+00
1.499748075691486812e-02
1.682447118106318237e-02
1.221901851159957336e-02
1.366393627594044737e-02
7.417969047641108205e+00
1.260449487304494270e-02
1.418082320203610178e-02
1.477109481386708160e-02
1.578706760828941721e-02
1.559731802796987185e-02
1.610236298754406242e-02
1.262245185986004409e-02
1.616783268686760450e-02
6.696581125830802783e-01
9.110606436821682141e-01
6.638996079782119031e-01
1.607054096499163989e-02
7.745013666039576306e-01
1.529672778453812498e-02
5.159497576489487258e+00
1.440012759684308405e-02
6.329330600401457119e-01
1.771713901319359533e-02
1.691041725343701146e-02
1.521335654207232012e-02
1.330162654788704518e-02
4.776476986033898697e+00
1.529185830537627577e+00
1.673040773041097745e-02
8.592176289633663977e-01
1.624602701778034980e-02
1.399217244827918698e-02
5.437656269231331274e-01
1.308237320197896264e-02
1.437167130437560364e-02
1.053324957310040541e-02
1.353442606661502470e-02
1.393993320904694279e-02
1.449761124587754454e-02
1.822448860625792921e+00
1.520382312537397161e-02
1.532534384714668435e-02
1.497503626264421080e-02
1.523293434075394422e-02
5.621036436288392224e+00
1.775409261913434705e-02
1.436285113964261631e-02
1.411585058811847850e-02
1.179546002665870175e+00
7.339213977601575234e-01
1.503271993518942473e+00
1.159686792996751648e-02
1.874851002163190061e-02
6.856477738102805475e+00
7.445309473942230971e-01
9.808414796325989338e-01
1.541957914991914404e-02
1.979463628944383435e-02
1.136987728045684820e+00
7.065395001078231818e-01
8.961663994694748503e-01
6.369519726036870999e+00
1.127754977546688298e-02
1.471303602092001797e-02
9.043763583254311733e-01
2.661328025595911306e+00
8.947001402112810808e-01
1.565862842660770485e-02
1.523471366707460431e-02
1.445956236092599614e-02
1.604791130244774197e-02
1.402474724618152715e-02
7.827932885714861122e-01
4.379911484357789320e+00
1.619967508115024990e-02
7.705866472665257039e-01
7.420811796344960465e-01
1.361583866038136061e-02
1.312643528535176185e-02
1.697737661968772016e-02
1.301071634524622773e-02
1.481390424146156702e-02
8.354805075163687089e-01
2.017773137903080993e+00
1.527816240617072170e-02
1.762927491876862748e-02
1.601963647640631747e-02
1.301077314374757959e-02
1.771385199929025392e-02
8.271650450191831982e-01
1.739523438854001514e-02
1.450543818360289575e-02
1.513190843396202204e-02
4.715838190625229132e+00
1.390366272142310247e-02
1.490745842516963231e-02
1.258736334855985184e-02
3.420766808253969948e+00
1.520421189728072761e-02
9.946306822806063597e-01
5.192814739098075449e+00
2.154273901832639421e-02
1.538524294681580321e-02
1.323296614248692035e-02
1.061441217988870825e-02
8.147616016133347738e-01
1.752612257723496630e-02
3.468025127383239870e+00
1.526460852601265600e-02
1.575074870640578648e-02
3.810237594834579689e+00
1.802287853986766358e-02
1.824296070828692468e-02
1.307601781557930602e-02
1.012002586277221283e+00
1.423064675866125492e-02
1.740649897041772129e-02
1.455543770431261263e-02
1.696730445387627934e-02
7.142233986868415485e+00
1.404811548720730566e-02
1.810070028692430111e-02
1.716686252401920104e-02
2.153333053651665274e+00
1.524751198570671422e-02
7.166969415981222502e-01
1.547464298325426472e-02
1.598191458258171535e-02
1.701156413316961408e-02
1.321807641054863029e-02
7.038676387950499880e-01
1.614484009954749583e-02
1.401013562923586128e-02
1.532727371085280607e-02
1.302189521835760200e+00
1.112974098399284635e-02
6.676518833524549557e-01
1.370138133326507385e-02
9.136367401982961045e-01
3.613073237507000712e+00
1.243790118428748925e-02
1.670276954809740352e-02
7.182995038185587822e-01
9.373321513452581577e-01
7.102113413562066713e-01
2.090942106091392763e-02
1.297785959154782939e-02
1.525769189848821643e-02
1.710115066634906172e-02
1.536672938305969592e-02
1.519184909149621718e-02
1.413268597986176191e-02
1.689560383262420779e-02
1.282342319769535881e-02
1.487667022034437625e-02
1.404013537095359990e-02
7.684676340693259444e-01
1.455936758861601371e-02
1.667692994994721817e-02
1.617474132064268544e-02
1.612086384303667783e-02
7.928610541399574441e-01
1.364925770231852076e-02
1.555540900729499715e-02
1.071984335582244707e+00
9.395326093760238972e-01
1.638069153688652246e+00
1.588489571176947279e-02
1.628734030485988818e-02
1.748420717677075589e-02
7.747289737293481249e-01
1.557055231344483225e-02
8.620168358168579514e-01
9.240195827763619807e-01
1.390485017175770860e-02
1.349883174538087614e-02
6.873181806759405266e-01
1.614530498581666709e-02
1.862223614536181321e-02
1.634197173879398113e-02
1.451607903493718453e-02
1.835615043354311970e-02
6.516620881440289281e-01
1.601799395026867051e-02
1.715926711831875645e-02
1.398271632756671601e-02
1.370656292766190588e-02
1.674291716190213705e-02
1.485814813861924093e-02
1.315665349911218293e-02
1.085785757218518555e+00
1.623046012165474172e+00
1.389489965079332943e-02
1.533472238250555231e+00
7.228695012568613354e-01
7.814710735921044371e-01
1.539296539286648564e-02
1.376001556266666717e-02
7.288248226441321975e+00
4.448108959148473929e+00
1.588783130786898187e-02
1.346199655567935707e-02
1.833710810900549340e-02
1.631526456517511797e-02
1.541315417270297874e-02
1.269338042394124733e-02
1.284746627724520779e-02
1.724036514695674246e-02
6.153480168019598295e-01
3.185590038279930702e+00
1.189727328296389698e-02
1.024317320107967499e-02
8.587862343333089177e-01
1.832361402656818017e-02
1.348609631693822343e-02
1.482742554055038221e-02
1.784728523437809425e-02
1.331564555707605291e-02
1.641030889062503398e-02
1.498034132713663036e+00
1.359087791212726555e-02
1.454688119198319259e-02
1.251490571053294823e-02
7.489619166639556624e+00
1.430696004921402052e-02
1.457688684693173205e-02
1.015420510635413498e+00
1.247366173365112990e-02
8.307993557021202680e-01
3.236065128211436104e+00
8.601751236861368000e-01
1.254541271687375392e+00
1.103122388195499834e-02
1.212585145054583480e+00
7.150558446057362350e-01
4.981060541409881637e+00
1.182390418241131488e-02
1.247096891505572111e-02
1.050250027182427104e+00
6.693242554437084380e+00
4.994548449706758042e+00
1.991854120025825292e+00
8.082817609168889694e-01
1.251442189392363950e-02
9.143036549935603663e-01
7.955989010331965261e-01
3.077521457070964139e+00
1.682605876574597148e-02
7.728244225065370454e-01
6.245250283039665007e-01
1.494037159791027081e-02
1.569232678427810723e-02
1.926265937472949885e-02
6.886004004356607311e-01
1.520077317258028415e-02
1.612086637824344457e-02
6.944770019073362999e-01
1.339148818837458330e-02
1.500040575855747342e-02
1.274365512066824579e-02
1.372614803892183849e-02
1.924525860002089181e-02
6.925183889169578277e-01
1.558578878823644459e-02
1.312464406865350430e-02
1.445779819673125022e-02
9.784454919520972974e-03
6.829862375081489079e-01
1.540291469658549434e-02
6.239040422546300313e-01
7.563019258546692658e-01
1.619083144539470304e-02
1.381086734377248021e-02
1.179995153388329471e-02
1.437465694230891447e-02
6.355186462796209579e-01
5.852894317454816253e+00
1.287319556432443661e-02
1.329325784174019073e-02
1.846555434222559369e-02
9.120784136695168076e-01
1.546193686924948567e-02
1.488201078550684814e-02
7.454082188294691713e-01
1.608742996820541893e-02
1.567954063564128836e-02
1.678035294546208200e-02
1.353017799595881629e-02
1.884916631587261679e-02
1.460659995981823667e-02
1.583243900903063411e-02
7.583578883567034801e-01
1.713062404577502668e-02
8.057231219203537798e-01
1.430422643336235269e-02
1.284296530687345679e-02
1.388223569979286053e-02
1.592470023368619536e-02
1.733867658586004182e-02
8.249182514910068376e-01
1.578992412712213605e-02
1.530153582230308826e-02
1.885884285133744565e-02
6.940211136432403727e-01
1.619573554101348678e-02
1.327485440754654425e-02
1.466266740665387314e+00
1.373395441830115374e-02
1.577864311266705816e-02
8.103179699475980824e-01
6.762352459421722140e-01
6.825736147505401252e-01
6.431404433215973659e-01
2.583771938868000717e+00
1.176237202142968452e-02
1.820488172216935471e-02
1.465008497022817803e-02
1.333490471938080651e-02
1.502132492464174421e-02
7.090065822821793873e-01
1.427195010577926408e-02
8.617506880711265360e-01
2.301694385095395923e+00
1.502081453429349352e-02
1.386415005379250734e-02
1.415213562614721539e-02
1.385439228685272223e-02
7.379607902026454891e-01
1.466981687258089168e-02
9.026491917003067744e-01
7.992449357751660877e-01
1.287512068470762772e-02
1.600739084221000294e-02
8.270223735594649517e-01
5.331162833306891002e+00
1.264292289836511929e-02
7.608363943220427528e-01
1.232886569913588248e-02
1.403684131160110905e-02
1.388405546839644941e-02
6.449705301037115257e-01
6.949533416692902366e-01
4.447709080443168261e+00
1.656733486103287994e-02
1.525382526849289669e-02
6.420107322082777568e-01
1.783995429797567006e-02
1.286795369726875457e-02
1.440238092991182224e-02
1.297929586453845999e-02
1.381213541970737098e-02
1.324614955416152817e+00
1.597587042161775717e+00
1.290971011352348014e-02
1.620362875435318872e-02
1.799624773484150703e-02
7.128292642421414360e-01
1.187789908536123623e-02
1.436754441977045049e-02
1.399222660723448489e-02
1.422497215359694658e-02
1.477092403897159456e-02
5.315166521353901885e+00
1.233703826058181116e-02
1.342826045761590439e-02
1.282208068553289393e-02
6.770318448918721810e-01
1.595067033431236958e-02
1.294363016347895023e-02
1.374453239516548742e-02
6.658682641212815057e+00
1.344393343157606821e-02
1.844077704146134672e-02
1.348292628395292292e-02
4.971789821163393519e+00
6.745203797315947325e-01
1.400567312592957032e-02
1.469523822284761472e-02
1.530019053860860734e-02
6.922986524612166903e+00
1.447246068539162663e-02
5.220375953380964607e-01
1.413101283053540616e-02
1.410401682272245827e+00
1.620922655547422930e-02
1.290074186592915506e+00
6.931368223701244169e-01
1.290379811390647211e-02
1.653564684517126043e-02
1.667996915129604102e-02
8.678391728399788008e-01
1.602548756410007366e-02
1.297146126339280420e-02
1.300040502442672240e-02
8.609753773618460393e-01
6.921684045230090954e-01
7.528389171183926809e-01
1.198373786897835407e-02
1.513876797739778512e-02
1.335889932799836852e-02
7.392655945006054719e-01
5.614014461191352723e+00
1.679845478183054963e+00
1.823539715434376041e-02
6.386167903426216430e-01
1.437991994773095070e-02
1.288585178913757151e-02
1.447284820625770532e-02
7.402271334469668895e-01
1.790970376834959132e-02
6.823951642871363132e-01
1.472110652892546362e-02
1.221925982642761525e-02
1.556387116164912633e-02
1.888728663985431155e-02
1.160247366391659707e+00
7.011748867505758653e+00
1.375169534676384808e-02
1.614155631088224491e-02
7.007597992357716965e-01
1.285439584034709683e-02
1.645631747190269556e-02
1.345090255042592775e-02
1.175202970505565339e-02
1.588304001943550287e-02
1.447185008171475266e-02
8.289810796620588063e-01
8.699954450551231622e-01
1.360503083882587394e-02
1.589449336180870365e-02
1.417440952512320426e-02
1.408390101743607278e-02
1.144107296442526067e+00
1.413333569907700843e-02
1.636876057973501303e-02
1.012102349869866913e+00
6.279270884730898672e-01
1.494366690084233604e-02
1.435017945549083018e-02
1.409980263024123381e+00
1.135761531583484238e-02
1.234901439595501027e-02
1.588749777377250483e-02
1.522846274921690370e-02
9.175972539708046050e-01
2.579535780800325639e+00
7.749204905389631692e-01
1.328522894695046558e-02
1.878241675887424439e-02
1.857526727851584181e-02
1.443417528528829867e-02
1.244309921658800881e-02
1.508808283808333976e-02
1.370431907511137151e-02
1.228340807893520299e-02
1.323599942008666167e-02
3.357400856155975166e+00
1.322162020778890751e-02
7.109901104197446919e-01
1.696651243791824290e-02
1.318214888306586292e-02
1.539683124986626281e-02
1.440758715791971845e-02
1.521949007017769917e-02
1.594016456247290478e-02
1.178867472493139862e-02
1.823083838139129442e+00
1.333189685220148406e-02
1.317124226262129938e-02
6.689308488781440243e-01
7.103206108555909504e-01
1.488565927010545263e-02
1.454137834422996461e-02
1.538653930651523449e-02
9.701458493708916553e-01
7.535915115101760042e-01
1.425141290280892634e-02
1.101433927052303252e-02
1.331066984200595174e-02
1.075688207784418982e+00
1.813862628789199988e-02
1.052784883244570757e+00
1.404595060100856732e-02
7.439206799034328021e-01
1.234659834327293648e+00
5.491848779138615022e+00
1.606686574127849654e-02
1.315166645223310796e-02
1.474333669729331088e-02
1.577961222041556963e-02
6.452779011496905248e-01
1.685899918702777125e-02
1.424480782839007524e-02
1.592449005737783113e-02
1.343031903772371957e-02
6.081117034318991310e-01
7.020291759005603538e-01
1.325264655464714232e-02
1.137796639198537102e-02
1.281250911692817865e-02
1.433100128094179013e-02
1.853796081525416542e-02
1.545161476001059679e-02
7.056880493853466829e-01
1.522447490080163293e-02
1.168825640457204357e-02
1.766853743948366279e-02
1.369371879623379126e-02
6.824703186618025219e-01
1.694594595480156118e-02
7.489101886108915362e-01
1.143311640191363096e-02
1.507308579892465902e-02
1.425756832623711556e+00
1.339024423615328349e-02
1.267378860181200162e+00
5.883631706909767445e+00
1.859865600561463536e-02
1.609079691680486562e-02
8.308238047468719856e+00
1.341974051929946399e-02
7.504048826468097122e-01
1.175567344041876169e-02
1.266070057627416770e-02
1.431767371895172752e-02
1.308534195416932278e+00
8.107056605229786550e-01
1.662884691571418772e-02
1.857883000723155265e+00
9.165218139637199002e-01
1.559118988385212179e-02
1.391749600350997498e-02
1.600223840758167870e-02
1.788832842503531792e-02
1.544785515813018248e-02
1.466469525975094168e+00
1.032548849706167227e+00
1.688755703448093559e+00
1.388884229731470778e-02
1.814036557626839963e-02
1.573220365468130238e-02
7.824707917566776416e+00
1.254816506727812926e-02
1.329843485887971521e-02
5.339890752378991579e+00
1.481566802088296955e-02
8.453886186485727317e-01
8.163308683976060465e-01
1.354111673620848021e-02
1.524783483698157437e-02
1.128851620281802859e+00
1.547948875490342754e-02
1.635151335381812565e-02
1.222906633853466755e-02
1.345932596515175481e-02
7.879212025187766200e-01
6.815400551173975696e-01
6.796165568192710893e+00
5.741949863907905183e+00
1.199770080142419371e+00
1.272592226084241052e+00
1.373055463117079517e-02
1.016878492706890569e+00
1.572603394747285055e-02
1.380655346839534947e-02
2.287438708758918082e+00
1.309405131292839197e+00
1.549065282029236240e-02
1.339359446916131395e-02
4.889963103862447369e+00
7.061127630457578741e-01
1.531031810951914533e-02
8.543897202955901271e-01
1.034222487303589233e+00
1.396112039911871772e-02
4.256190351229815150e+00
5.834571819911328339e-01
4.460269370665281841e+00
1.534449760470516823e-02
1.332110912990976462e-02
1.062048763240962604e-02
1.697679437246154416e-02
1.428197826811161870e-02
1.325067205307670255e-02
1.660743613878847003e-02
1.283072098845869716e-02
1.148742589504999322e-02
1.398640873677384558e-02
6.429918177515421274e-01
1.517757710933760260e-02
7.649468775972220191e-01
1.187118020059881734e-02
1.460443978349900557e-02
1.433970146736052165e-02
1.736951436202120724e-02
1.493542145747206798e-02
1.483212530441378393e-02
1.390882074520270045e-02
1.453036978948878843e+00
1.275572724658391444e-02
7.233430852858393489e-01
1.278128726071186758e-02
1.217555244570878159e-02
1.594806145830884869e-02
1.171539613279461323e+00
1.817031582320542682e-02
1.640129413113491225e-02
5.767637559847361928e+00
7.783877022271447288e+00
1.608281220465950651e-02
1.291923377871166505e-02
1.272000351699479302e-02
3.544313076615226876e+00
9.951103037986187561e-01
1.011604481867059313e+00
1.168031290622822266e-02
1.618442611435332523e+00
1.465057581722730741e-02
1.751121804462635323e-02
1.084259743227829198e-02
1.364938773112232134e-02
1.719621057912104276e-02
1.525913549285960735e-02
9.265884581384962182e-01
7.149150281472829160e-01
1.029725494563083377e+00
8.287829411798111057e-01
1.607708575925039657e-02
1.389064793165963388e-02
1.665508315830122738e-02
1.278524377249728311e-02
1.372192422715942488e-02
1.555391454984716981e-02
1.290585563190524074e-02
1.227024508153807571e-02
1.161565493276647473e-02
1.194776288097229577e-02
2.104558610933719015e-02
1.291479487225893549e-02
1.277298120555373818e-02
1.599674180904239046e-02
1.463347124821621353e-02
4.657454680218962473e+00
7.482442112112676069e-01
4.465279359491535871e+00
1.524124278796602089e-02
1.286441818427221453e-02
1.327864778527836076e-02
1.540349747088890275e+00
1.400731610165297999e-02
7.846258548354128060e-01
1.424707734014593087e-02
1.515673390412383359e+00
1.219671969412493111e-02
1.416299011675180797e+00
1.311074194010358393e-02
7.810110806884694057e+00
6.157498552346454268e-01
6.942225465296829601e-01
1.577338227011771538e-02
1.531435685680625734e-02
9.119064693608927019e-01
1.466454780086149517e-02
1.085197060357530940e+00
1.904575221115995670e-02
1.548816488083571904e-02
8.560239933208876328e-01
1.207465208849231239e-02
1.380469112446664967e-02
1.606820242933303111e-02
1.406187129034642755e-02
1.309129186146059526e-02
1.594768972380418592e+00
1.686108524068048231e+00
1.019571646472017430e-02
1.515736474654576227e-02
1.647182646752941293e-02
6.990341010326230897e-01
1.350251819480912177e-02
1.293736451441723431e-02
1.142259519690480389e-02
1.407879439681738835e-02
1.617355744983715871e-02
1.608071907752952473e-02
7.848627185376966242e-01
8.126973594635411580e-01
1.277989835780890537e-02
1.598574089303608781e-02
6.990290930554495574e+00
7.355299584410224245e-01
7.766786765212350119e-01
7.449157222833346914e-01
9.487227195338903130e-01
1.835054724987837671e-02
9.357545615385165494e-01
1.536669639228669705e-02
1.366514557393877158e-02
1.588417608837499120e-02
6.857758337230552392e+00
1.209013242258527923e-02
1.678377845996421175e-02
1.333148100746064935e-02
7.406823419562362787e-01
1.431205436889450809e-02
6.760785089121454927e-01
1.483325011958606422e-02
1.013919241971458600e-02
1.307293966451886398e-02
1.586015663141809862e-02
6.314767071885696303e-01
1.873321232220225063e+00
1.625475181660973947e-02
2.719722737279290925e+00
1.399529264169292395e-02
9.307847890154565818e-01
6.539008092848905829e-01
1.218748119019965118e-02
7.626180563534430412e-01
7.908931994081224159e-01
5.917246501568239836e+00
1.251846042051723250e-02
9.331803456700125121e-01
1.638812974964681146e+00
1.269672051352699338e-02
3.996317612732250169e+00
1.602236741558996438e-02
7.669596020678182136e-01
1.715604411567718188e-02
1.433029109166641599e-02
1.503133021448471024e-02
8.969526963261693631e-01
6.240333508411285202e+00
1.622665083087432292e-02
1.244936471399771261e-02
1.548155235197915675e-02
7.219287384889354620e-01
1.447061263481174039e-02
1.327349698074547016e-02
1.245647044537922035e-02
1.394753550642397963e-02
2.790313446604755221e+00
1.213794447010464565e-02
1.422276055336669197e-02
1.564864364071590075e-02
7.063468018142424754e-01
1.252661433149847812e-02
1.408463588344842712e-02
3.320834443905072320e+00
1.656515523808360646e-02
1.507530050306525246e-02
1.455560522122462813e-02
1.037030263412209649e-02
1.595622344613304572e-02
6.271860237359351276e-01
7.081146895209737835e-01
4.049242591323260143e+00
1.340653702402035130e-02
1.520491350892841029e-02
8.020146752012746738e-01
1.706201138063371398e-02
7.431913617144131345e-01
1.291665137463442192e-02
1.242833626364811192e-02
1.232804750830240534e-02
1.095238272451821461e-02
1.170481449274851302e-02
5.083989841203522708e+00
1.057229164743478042e-02
6.643782830515077009e-01
1.311197217494495387e-02
1.394994159419044921e+00
1.255666430906039223e-02
1.288746559580082433e-02
7.773702971111964288e-01
1.214492941297715123e-02
7.937385195563807505e-01
1.165360891136676263e-02
3.813135429061792259e+00
1.541900425825288266e-02
3.438303998747350931e+00
2.669829611782346124e+00
1.556952611302340160e-02
1.586965305337384793e-02
2.020018746323446024e+00
8.035063573758026712e-01
1.213830353923559847e-02
7.422814517573608217e-01
1.391557144957632566e-02
1.504463608663377840e-02
1.518510941533128197e-02
1.630556597705161426e-02
1.426198622688727713e-02
3.155480751846640342e+00
1.613291800649209115e-02
1.362059315132112605e-02
9.303704412918537558e-01
4.336898725387444031e+00
9.901786623983956925e-01
8.123255176122105015e-01
1.491669124007388714e-02
6.837180044268074131e-01
1.698838530918392320e-02
7.636491532334459542e-01
1.665196822918157266e-02
1.407831160528160395e-02
5.110761889004877823e+00
1.909728341987920519e+00
1.733349067456863360e-02
1.193185710335853411e-02
8.910384315616614800e-03
1.629441776396336680e-02
1.464521333127177805e-02
1.281317439844599504e-02
4.419452050857035630e+00
1.279533954896800926e-02
6.829432214757900077e-01
1.225253622715115343e-02
1.017471572023520565e-02
1.520415189673864596e-02
7.561796944351780736e-01
1.424141384394917755e-02
1.285119359937931735e-02
1.284957988509642310e-02
1.345686020277224101e-02
1.383288003977343854e-02
4.749582386654784827e+00
1.403528745195926734e-02
1.419332735673754613e-02
1.371626440886270469e-02
1.405004326430790706e-02
7.348740128205946132e-01
1.454081765529218091e-02
1.748163626951898530e-02
1.147876003293963817e-02
1.151064049928677592e-02
1.506151459842505758e-02
1.254031473674316680e-02
1.571083259222246648e-02
1.361528358078208045e+00
1.533611137771263150e-02
7.419169083477277216e-01
6.293001206245474322e-01
1.575926689439867759e-02
1.395368232574217132e-02
6.446291183573145123e-01
1.459861716960196218e-02
1.346933864030880335e-02
1.362740309239236502e+00
1.661931800158397698e-02
4.694802141835515030e+00
1.161704920579995082e-02
1.447743275279267557e-02
7.775726109682912224e-01
1.367245871474230545e-02
1.375548190046796751e-02
6.423372502402409090e-01
1.834299793940799561e-02
1.300016065833340187e-02
4.001787000553884255e+00
1.401301053384532841e-02
3.404240412774653279e+00
1.079124073481871164e-02
1.441789974086570697e-02
1.004126117798560293e-02
8.102698470960186805e-01
8.808724869793609358e-01
1.319656084421415992e-02
2.082239319322815252e+00
1.923837008927546319e-02
1.072298348728681017e+00
9.515167893713632336e-03
1.103550954586646551e-02
1.533297649544887106e-02
1.607675136888873230e-02
1.640368468904820909e-02
1.174645730828400084e-02
1.428532051743099975e-02
6.586600768671966311e-01
1.441446744669492436e-02
6.171295494513933111e-01
1.393081193233377049e-02
1.840540027063356954e+00
1.437607344402921233e-02
1.428544403899607851e-02
1.370152104707657824e-02
7.306167198775043170e-01
1.601697853073015709e+00
1.491499355988429656e-02
1.326267863769041433e-02
1.618476474366413453e-02
1.319922407786081400e-02
1.016583296645725110e+00
1.468618231707941209e-02
7.013199240262519840e-01
7.987631546116599202e-01
1.289231276958017688e-02
1.926927288275660788e-02
1.559741486644272354e-02
8.474733379597909622e-01
1.105439008191059190e-02
8.845131937811281375e-01
1.531026484931053561e-02
2.169910618878227559e+00
1.487951696886796911e-02
1.221203807095796012e+00
1.366066867243486728e-02
1.511145812530721028e-02
1.361149315464816462e-02
1.685600958854269193e-02
1.235229954038818447e-02
7.762924578451013247e+00
1.315630356013954005e-02
1.594357729416155722e+00
1.338556363318913700e+00
8.780019072634612787e-01
1.551193755925273782e-02
6.090564816797336967e-01
1.318648050008251055e-02
7.282184178928781115e-01
1.325196273615067075e-02
1.336233788300968291e-02
1.444912529497107724e-02
1.154888319570203728e-02
1.116474284219759125e-02
1.429420522532421495e-02
2.060871551545150754e-02
1.351547671963612522e-02
1.306335294187152551e-02
7.155473984466999005e-01
6.379901404475381455e+00
1.281078995156890825e-02
1.354250099274945107e-02
1.301516647158150117e-02
1.926055090761563449e+00
1.332470478219248411e-02
1.556791281254424689e-02
1.338306775485532951e-02
1.487638512270558939e-02
1.481387971800086738e-02
3.772985846949467259e+00
1.294933497589596284e-02
1.373187285247128540e-02
1.115121224111611034e-02
1.381057671414381155e-02
2.158065607074720393e+00
1.382887715618046076e-02
1.438916339269903991e-02
1.583031962627289013e-02
1.218037017549598866e-02
1.430442804892316337e-02
1.465023269097512175e-02
1.339776649986219176e-02
1.344474648655347507e-02
1.511036752442875865e-02
1.098709457312376306e-02
1.689644849340540045e+00
1.358961299805415759e-02
1.615330919815502128e-02
1.293849590464731837e-02
1.458427604236449404e-02
1.278761129586116797e-02
1.792791926257354673e-02
1.369019248507276354e-02
1.122995247802336533e-02
1.575434495305380600e-02
1.497888943095651050e-02
6.812385843513892869e-01
1.127570551332312404e-02
1.395102286893445953e-02
6.325151371200449235e-01
1.369841420725888617e-02
1.454985459499845771e-02
1.351784881110271522e-02
1.402881689085579316e-02
8.275952366928214232e-01
5.638472819943185499e+00
1.427475523144708554e-02
8.564981797551002307e-01
1.258165957907328783e-02
1.405058102451399969e-02
1.732333533929662078e-02
1.419320604789790080e-02
1.811592649396876614e-02
6.892054178035940115e-01
1.431463544966450563e+00
